customer_id,month,txn_count,txn_amount,app_logins,complaints,channel_atm,channel_mobile,channel_branch,snapshot_date
100000,1,14,563.91,7,0,0,1,0,2026-01-31
100000,2,17,1692.19,7,0,0,1,1,2026-02-28
100000,3,29,3627.66,5,0,0,1,0,2026-03-31
100000,4,28,1501.96,11,0,0,0,0,2026-04-30
100000,5,29,3953.5,19,0,0,1,0,2026-05-31
100000,6,16,2043.77,8,0,1,1,1,2026-06-30
100001,1,12,1512.12,7,0,1,1,0,2026-01-31
100001,2,13,785.56,13,1,0,0,0,2026-02-28
100001,3,23,2765.19,12,0,0,1,0,2026-03-31
100001,4,18,1550.06,13,1,0,1,0,2026-04-30
100001,5,30,3751.67,14,1,0,1,0,2026-05-31
100001,6,28,3693.06,6,0,1,1,1,2026-06-30
100002,1,28,1655.2,6,0,0,0,0,2026-01-31
100002,2,33,3927.35,9,0,1,1,0,2026-02-28
100002,3,21,2181.32,11,0,0,1,1,2026-03-31
100002,4,39,3989.82,9,2,1,1,0,2026-04-30
100002,5,39,3854.6,2,0,0,1,0,2026-05-31
100002,6,21,2364.25,11,1,1,1,0,2026-06-30
100003,1,21,1186.51,6,1,1,0,1,2026-01-31
100003,2,14,980.88,13,0,1,1,0,2026-02-28
100003,3,11,1099.46,11,1,1,0,0,2026-03-31
100003,4,14,1753.04,15,1,1,0,1,2026-04-30
100003,5,15,1032.39,6,0,1,1,0,2026-05-31
100003,6,18,2161.78,9,1,0,1,0,2026-06-30
100004,1,14,564.72,12,0,0,1,1,2026-01-31
100004,2,24,1959.42,7,0,1,1,1,2026-02-28
100004,3,23,947.17,8,1,1,0,0,2026-03-31
100004,4,12,397.21,5,1,0,1,0,2026-04-30
100004,5,28,3235.66,12,1,1,1,0,2026-05-31
100004,6,26,1671.92,21,1,0,0,0,2026-06-30
100005,1,5,717.54,17,0,0,1,0,2026-01-31
100005,2,7,860.34,9,0,0,1,1,2026-02-28
100005,3,5,176.09,6,1,0,0,0,2026-03-31
100005,4,5,628.32,15,1,0,0,0,2026-04-30
100005,5,5,107.38,5,0,1,0,0,2026-05-31
100005,6,8,549.87,7,1,0,0,0,2026-06-30
100006,1,19,1930.07,18,0,1,0,0,2026-01-31
100006,2,22,1233.31,11,3,1,1,1,2026-02-28
100006,3,26,672.84,11,0,1,0,1,2026-03-31
100006,4,28,2581.77,11,0,1,1,0,2026-04-30
100006,5,23,2308.2,6,0,1,1,1,2026-05-31
100006,6,20,1858.44,14,0,1,1,0,2026-06-30
100007,1,3,230.62,14,1,1,0,1,2026-01-31
100007,2,2,280.91,9,1,0,1,0,2026-02-28
100007,3,2,73.51,8,0,0,1,0,2026-03-31
100007,4,2,63.06,8,2,0,0,0,2026-04-30
100007,5,2,94.43,11,0,0,0,0,2026-05-31
100007,6,3,338.21,16,0,0,1,0,2026-06-30
100008,1,8,494.96,11,0,0,1,0,2026-01-31
100008,2,15,994.39,18,0,0,1,0,2026-02-28
100008,3,10,570.62,10,0,1,0,0,2026-03-31
100008,4,15,845.96,11,0,0,1,0,2026-04-30
100008,5,16,920.35,8,0,0,1,0,2026-05-31
100008,6,9,1338.25,14,1,0,1,0,2026-06-30
100009,1,20,2909.07,9,0,0,0,0,2026-01-31
100009,2,16,1066.37,14,0,0,1,0,2026-02-28
100009,3,19,1621.72,13,1,0,1,0,2026-03-31
100009,4,9,846.77,20,1,1,1,0,2026-04-30
100009,5,20,789.79,13,0,0,1,0,2026-05-31
100009,6,21,2964.68,15,0,1,1,0,2026-06-30
100010,1,24,3097.36,8,0,0,1,1,2026-01-31
100010,2,14,911.45,14,0,0,1,0,2026-02-28
100010,3,15,2083.95,11,0,1,1,1,2026-03-31
100010,4,11,812.91,8,0,0,1,0,2026-04-30
100010,5,21,1657.48,12,0,0,1,1,2026-05-31
100010,6,23,1576.19,6,0,0,1,0,2026-06-30
100011,1,8,838.86,10,0,0,1,0,2026-01-31
100011,2,12,897.42,20,0,0,1,0,2026-02-28
100011,3,13,951.91,12,2,1,1,1,2026-03-31
100011,4,15,1129.17,8,0,0,0,0,2026-04-30
100011,5,12,667.53,14,0,0,1,1,2026-05-31
100011,6,16,1562.62,15,1,0,1,0,2026-06-30
100012,1,8,469.01,12,2,0,1,0,2026-01-31
100012,2,4,338.11,11,0,0,0,0,2026-02-28
100012,3,8,612.22,11,0,1,0,1,2026-03-31
100012,4,8,879.97,12,0,1,0,0,2026-04-30
100012,5,8,1122.26,13,0,0,1,0,2026-05-31
100012,6,8,513.47,7,0,1,1,0,2026-06-30
100013,1,18,417.1,14,0,0,1,1,2026-01-31
100013,2,34,4075.77,10,0,0,1,0,2026-02-28
100013,3,19,957.01,5,2,0,0,1,2026-03-31
100013,4,23,2294.1,9,1,0,0,1,2026-04-30
100013,5,33,4928.15,10,1,0,0,1,2026-05-31
100013,6,31,3882.35,14,0,0,1,0,2026-06-30
100014,1,7,890.46,12,0,1,0,0,2026-01-31
100014,2,9,1194.73,18,1,1,1,1,2026-02-28
100014,3,9,214.22,10,1,1,0,0,2026-03-31
100014,4,3,171.94,10,0,1,1,0,2026-04-30
100014,5,7,1016.32,12,0,1,1,0,2026-05-31
100014,6,6,604.31,7,0,0,0,0,2026-06-30
100015,1,10,1050.86,12,0,1,1,1,2026-01-31
100015,2,8,1166.92,12,0,1,1,0,2026-02-28
100015,3,8,226.78,10,0,0,1,0,2026-03-31
100015,4,8,659.14,11,2,0,1,0,2026-04-30
100015,5,12,462.29,13,0,0,1,0,2026-05-31
100015,6,5,327.91,6,0,0,1,0,2026-06-30
100016,1,10,304.15,16,0,1,1,0,2026-01-31
100016,2,4,111.38,11,2,0,1,0,2026-02-28
100016,3,4,214.0,14,0,0,0,0,2026-03-31
100016,4,10,952.28,14,2,0,1,1,2026-04-30
100016,5,5,504.93,16,1,0,1,1,2026-05-31
100016,6,5,655.35,11,0,0,1,0,2026-06-30
100017,1,6,525.42,14,0,1,0,0,2026-01-31
100017,2,6,148.6,16,2,1,1,0,2026-02-28
100017,3,7,191.95,19,0,0,0,0,2026-03-31
100017,4,9,228.64,10,0,0,0,0,2026-04-30
100017,5,10,1460.89,12,1,1,1,0,2026-05-31
100017,6,8,837.28,13,1,0,0,0,2026-06-30
100018,1,15,1014.6,13,0,0,1,0,2026-01-31
100018,2,11,1082.93,15,0,1,1,0,2026-02-28
100018,3,10,643.62,10,0,1,0,1,2026-03-31
100018,4,21,3028.58,4,1,1,1,0,2026-04-30
100018,5,17,907.48,9,1,0,0,0,2026-05-31
100018,6,19,1013.71,16,0,0,1,1,2026-06-30
100019,1,25,1241.26,11,0,0,1,0,2026-01-31
100019,2,23,3039.76,6,0,0,0,0,2026-02-28
100019,3,22,1596.35,14,1,0,0,0,2026-03-31
100019,4,15,454.87,5,0,0,0,0,2026-04-30
100019,5,19,2553.8,14,0,1,0,0,2026-05-31
100019,6,19,2184.71,5,1,1,1,0,2026-06-30
100020,1,13,847.4,10,0,1,0,0,2026-01-31
100020,2,14,1228.14,16,0,0,1,0,2026-02-28
100020,3,6,850.83,10,0,1,1,1,2026-03-31
100020,4,10,1489.81,12,0,1,1,1,2026-04-30
100020,5,14,1746.78,12,0,0,1,0,2026-05-31
100020,6,15,1549.9,22,0,1,1,0,2026-06-30
100021,1,5,457.19,15,0,0,1,0,2026-01-31
100021,2,2,201.09,8,1,0,0,0,2026-02-28
100021,3,4,591.51,5,0,1,0,0,2026-03-31
100021,4,2,202.21,10,1,0,1,0,2026-04-30
100021,5,4,461.48,11,0,1,1,0,2026-05-31
100021,6,2,43.15,9,0,0,0,0,2026-06-30
100022,1,15,1830.78,13,0,0,0,0,2026-01-31
100022,2,21,1679.83,15,0,0,1,0,2026-02-28
100022,3,16,1734.87,3,0,1,0,0,2026-03-31
100022,4,13,851.0,16,0,0,1,0,2026-04-30
100022,5,12,272.67,10,0,1,0,0,2026-05-31
100022,6,22,2161.38,14,0,1,1,0,2026-06-30
100023,1,18,2566.8,15,0,0,0,1,2026-01-31
100023,2,10,414.26,15,0,0,1,0,2026-02-28
100023,3,24,789.44,14,0,1,1,0,2026-03-31
100023,4,14,1706.5,11,0,0,0,1,2026-04-30
100023,5,14,1096.47,19,0,0,1,0,2026-05-31
100023,6,18,1191.85,9,0,1,1,0,2026-06-30
100024,1,20,2158.82,12,0,0,1,0,2026-01-31
100024,2,23,2575.97,15,0,0,1,0,2026-02-28
100024,3,14,1368.77,16,0,1,1,0,2026-03-31
100024,4,24,1677.56,14,0,0,1,0,2026-04-30
100024,5,24,1331.98,9,2,1,1,0,2026-05-31
100024,6,12,365.74,14,1,0,1,0,2026-06-30
100025,1,29,839.97,7,1,0,1,0,2026-01-31
100025,2,28,1066.85,11,1,1,0,0,2026-02-28
100025,3,29,777.01,9,1,1,1,0,2026-03-31
100025,4,20,2927.21,11,0,0,1,1,2026-04-30
100025,5,22,1936.9,8,2,0,1,0,2026-05-31
100025,6,21,590.01,16,0,1,1,0,2026-06-30
100026,1,16,1400.32,8,0,1,1,0,2026-01-31
100026,2,8,843.05,14,1,0,1,0,2026-02-28
100026,3,13,1332.44,14,0,0,1,0,2026-03-31
100026,4,10,1314.33,11,0,1,1,0,2026-04-30
100026,5,12,1199.86,12,0,0,0,1,2026-05-31
100026,6,8,920.76,13,1,0,1,0,2026-06-30
100027,1,9,1181.21,8,0,1,0,0,2026-01-31
100027,2,16,1703.17,12,2,1,1,1,2026-02-28
100027,3,15,1869.57,9,0,0,1,0,2026-03-31
100027,4,14,820.97,12,2,0,0,0,2026-04-30
100027,5,8,409.09,15,1,0,1,1,2026-05-31
100027,6,14,1789.3,16,0,0,1,0,2026-06-30
100028,1,18,1780.59,14,0,0,1,0,2026-01-31
100028,2,18,1886.2,17,0,1,1,0,2026-02-28
100028,3,16,1302.79,7,0,0,1,0,2026-03-31
100028,4,14,346.83,9,0,0,0,0,2026-04-30
100028,5,22,3279.46,11,0,0,1,0,2026-05-31
100028,6,20,2185.13,6,0,0,0,0,2026-06-30
100029,1,11,1129.62,17,1,1,1,0,2026-01-31
100029,2,13,279.78,9,1,0,1,0,2026-02-28
100029,3,24,2515.15,18,1,0,0,0,2026-03-31
100029,4,25,3172.87,22,0,0,1,0,2026-04-30
100029,5,23,2518.33,7,0,1,1,0,2026-05-31
100029,6,11,1143.53,11,0,0,1,0,2026-06-30
100030,1,23,1817.46,9,0,0,0,0,2026-01-31
100030,2,9,216.22,7,1,0,0,0,2026-02-28
100030,3,22,1337.94,17,1,1,1,0,2026-03-31
100030,4,13,1174.98,8,0,0,0,0,2026-04-30
100030,5,13,1240.99,11,0,0,1,1,2026-05-31
100030,6,21,2391.45,17,1,1,1,1,2026-06-30
100031,1,11,924.03,12,1,1,1,0,2026-01-31
100031,2,14,1079.25,21,1,0,1,1,2026-02-28
100031,3,6,491.94,16,0,0,1,1,2026-03-31
100031,4,8,379.13,14,1,1,1,0,2026-04-30
100031,5,13,1372.93,19,0,0,1,0,2026-05-31
100031,6,10,285.81,6,1,1,1,0,2026-06-30
100032,1,12,1343.05,5,1,1,1,0,2026-01-31
100032,2,7,722.83,18,0,0,0,0,2026-02-28
100032,3,9,865.46,10,1,0,1,0,2026-03-31
100032,4,12,663.4,10,0,0,0,0,2026-04-30
100032,5,5,432.23,4,0,1,1,0,2026-05-31
100032,6,8,441.21,13,1,1,1,1,2026-06-30
100033,1,4,450.78,11,1,0,1,1,2026-01-31
100033,2,6,457.53,8,0,0,0,0,2026-02-28
100033,3,7,913.82,11,0,1,1,1,2026-03-31
100033,4,4,271.25,4,0,0,1,0,2026-04-30
100033,5,5,420.36,11,0,0,0,0,2026-05-31
100033,6,6,363.25,18,1,0,0,1,2026-06-30
100034,1,6,348.78,15,0,0,1,0,2026-01-31
100034,2,17,2212.0,7,0,0,0,0,2026-02-28
100034,3,7,1011.59,9,0,0,1,0,2026-03-31
100034,4,15,1427.68,11,0,0,1,0,2026-04-30
100034,5,8,1156.25,9,1,0,0,0,2026-05-31
100034,6,12,915.19,7,0,1,1,1,2026-06-30
100035,1,16,472.01,16,0,1,1,0,2026-01-31
100035,2,17,699.57,16,0,0,1,1,2026-02-28
100035,3,11,1127.14,7,0,0,1,1,2026-03-31
100035,4,21,542.61,13,2,0,1,0,2026-04-30
100035,5,11,1026.63,12,0,1,1,0,2026-05-31
100035,6,11,275.67,10,3,1,1,0,2026-06-30
100036,1,3,426.91,11,1,1,0,0,2026-01-31
100036,2,4,535.46,10,0,0,0,0,2026-02-28
100036,3,5,439.63,5,2,1,0,1,2026-03-31
100036,4,5,296.91,12,0,0,0,1,2026-04-30
100036,5,8,944.42,12,0,0,0,0,2026-05-31
100036,6,7,671.23,18,1,0,1,0,2026-06-30
100037,1,18,2061.31,20,0,0,0,0,2026-01-31
100037,2,14,325.85,12,1,1,1,0,2026-02-28
100037,3,19,2510.72,10,0,1,1,1,2026-03-31
100037,4,21,453.19,6,0,0,1,0,2026-04-30
100037,5,13,1498.26,9,1,0,1,1,2026-05-31
100037,6,18,1931.26,10,1,0,1,0,2026-06-30
100038,1,25,868.24,10,0,0,1,0,2026-01-31
100038,2,14,803.18,7,1,0,1,0,2026-02-28
100038,3,20,1095.25,10,0,1,0,1,2026-03-31
100038,4,13,1253.02,16,0,0,1,0,2026-04-30
100038,5,25,1796.86,11,1,0,1,0,2026-05-31
100038,6,22,3055.61,9,1,0,1,0,2026-06-30
100039,1,8,367.24,19,0,0,1,0,2026-01-31
100039,2,8,637.3,15,0,1,0,1,2026-02-28
100039,3,18,2542.54,9,1,0,1,0,2026-03-31
100039,4,19,1823.59,10,1,1,1,0,2026-04-30
100039,5,10,1117.1,11,1,1,1,0,2026-05-31
100039,6,7,413.95,5,1,1,1,0,2026-06-30
100040,1,10,291.64,10,0,1,0,0,2026-01-31
100040,2,20,2877.32,9,2,0,1,0,2026-02-28
100040,3,10,1316.46,17,0,0,1,0,2026-03-31
100040,4,17,847.41,2,1,0,1,0,2026-04-30
100040,5,10,1358.11,6,0,0,1,1,2026-05-31
100040,6,16,1478.31,10,1,0,1,0,2026-06-30
100041,1,8,374.5,16,0,0,1,0,2026-01-31
100041,2,4,326.61,14,0,0,0,0,2026-02-28
100041,3,9,1141.02,15,1,0,0,1,2026-03-31
100041,4,6,179.05,8,1,0,0,0,2026-04-30
100041,5,7,207.44,14,1,0,1,0,2026-05-31
100041,6,6,173.6,10,0,1,1,0,2026-06-30
100042,1,11,1370.43,15,1,1,0,1,2026-01-31
100042,2,20,764.84,15,0,0,0,0,2026-02-28
100042,3,27,3203.09,14,0,0,0,0,2026-03-31
100042,4,14,851.16,10,0,1,1,1,2026-04-30
100042,5,22,1368.1,10,1,0,1,0,2026-05-31
100042,6,11,1477.24,13,0,1,1,0,2026-06-30
100043,1,6,731.32,10,0,0,0,0,2026-01-31
100043,2,8,200.5,17,0,1,1,0,2026-02-28
100043,3,10,1183.75,14,0,0,0,1,2026-03-31
100043,4,6,531.59,13,1,1,1,0,2026-04-30
100043,5,7,685.36,10,1,0,1,0,2026-05-31
100043,6,7,392.08,17,0,0,1,0,2026-06-30
100044,1,14,1886.9,19,1,1,0,0,2026-01-31
100044,2,14,1413.19,16,0,0,1,1,2026-02-28
100044,3,14,1831.64,9,0,0,1,0,2026-03-31
100044,4,8,265.02,10,0,0,1,0,2026-04-30
100044,5,8,1001.38,8,0,0,1,0,2026-05-31
100044,6,8,667.35,9,1,0,0,1,2026-06-30
100045,1,14,509.32,10,0,0,1,0,2026-01-31
100045,2,8,1018.74,11,1,0,0,0,2026-02-28
100045,3,9,180.76,19,1,0,1,0,2026-03-31
100045,4,11,1536.66,7,0,0,1,1,2026-04-30
100045,5,14,1004.12,11,0,0,1,0,2026-05-31
100045,6,16,1380.5,4,0,0,0,0,2026-06-30
100046,1,16,552.11,10,0,1,1,0,2026-01-31
100046,2,9,1084.14,7,1,0,1,1,2026-02-28
100046,3,16,2261.07,10,1,1,0,0,2026-03-31
100046,4,11,332.88,9,2,0,0,0,2026-04-30
100046,5,8,329.3,12,0,0,1,0,2026-05-31
100046,6,17,1617.14,7,0,1,1,0,2026-06-30
100047,1,13,1158.16,12,0,1,0,0,2026-01-31
100047,2,9,192.65,19,0,0,1,1,2026-02-28
100047,3,8,229.92,16,0,0,1,0,2026-03-31
100047,4,11,643.79,15,0,0,1,0,2026-04-30
100047,5,8,798.53,10,0,0,0,0,2026-05-31
100047,6,9,1125.83,14,0,1,1,1,2026-06-30
100048,1,11,900.1,7,1,1,1,0,2026-01-31
100048,2,13,1295.62,18,0,0,1,1,2026-02-28
100048,3,25,2488.45,8,0,0,1,0,2026-03-31
100048,4,12,856.6,7,0,1,0,0,2026-04-30
100048,5,26,3677.95,18,0,1,1,0,2026-05-31
100048,6,18,2071.7,16,0,0,0,0,2026-06-30
100049,1,23,1382.32,11,0,0,0,1,2026-01-31
100049,2,20,2293.76,12,1,1,1,1,2026-02-28
100049,3,13,1279.96,16,1,1,1,0,2026-03-31
100049,4,23,1707.41,7,0,1,1,0,2026-04-30
100049,5,13,1671.06,11,2,0,1,0,2026-05-31
100049,6,20,474.5,11,0,0,0,0,2026-06-30
100050,1,19,1305.56,9,2,0,1,1,2026-01-31
100050,2,8,379.57,13,0,0,1,0,2026-02-28
100050,3,16,1901.13,5,0,0,1,0,2026-03-31
100050,4,14,752.89,19,0,0,1,0,2026-04-30
100050,5,15,1612.53,11,1,1,1,0,2026-05-31
100050,6,16,644.9,14,1,0,1,0,2026-06-30
100051,1,12,302.62,12,0,1,1,0,2026-01-31
100051,2,14,1506.39,13,0,1,1,0,2026-02-28
100051,3,9,502.83,11,0,1,0,0,2026-03-31
100051,4,6,222.16,17,1,0,0,0,2026-04-30
100051,5,9,196.01,5,0,1,0,0,2026-05-31
100051,6,13,1234.93,13,0,1,1,1,2026-06-30
100052,1,20,1162.72,10,0,0,1,0,2026-01-31
100052,2,18,398.01,12,0,0,1,0,2026-02-28
100052,3,22,3066.62,8,1,0,1,0,2026-03-31
100052,4,14,743.16,9,0,0,1,0,2026-04-30
100052,5,12,1780.24,12,1,1,1,0,2026-05-31
100052,6,15,1611.39,12,0,0,1,0,2026-06-30
100053,1,9,1174.45,7,0,0,1,0,2026-01-31
100053,2,10,1266.09,12,1,0,0,0,2026-02-28
100053,3,7,191.76,17,1,1,1,0,2026-03-31
100053,4,12,631.37,9,0,0,1,1,2026-04-30
100053,5,8,562.77,13,0,1,0,0,2026-05-31
100053,6,12,476.23,13,0,0,1,0,2026-06-30
100054,1,8,242.45,18,0,0,1,0,2026-01-31
100054,2,8,243.84,19,1,0,1,1,2026-02-28
100054,3,10,560.19,11,1,1,1,0,2026-03-31
100054,4,8,763.87,18,2,1,1,1,2026-04-30
100054,5,6,223.1,13,0,0,0,0,2026-05-31
100054,6,5,387.68,14,1,0,1,0,2026-06-30
100055,1,16,1706.37,5,0,0,1,0,2026-01-31
100055,2,28,1088.99,5,0,0,0,0,2026-02-28
100055,3,31,816.24,4,2,0,1,0,2026-03-31
100055,4,14,1223.78,8,1,0,1,0,2026-04-30
100055,5,12,763.18,7,0,1,1,0,2026-05-31
100055,6,21,2938.25,11,1,1,1,0,2026-06-30
100056,1,26,993.16,12,0,1,1,0,2026-01-31
100056,2,20,745.83,12,0,0,1,0,2026-02-28
100056,3,28,651.72,14,0,1,1,0,2026-03-31
100056,4,27,2681.48,7,0,0,1,0,2026-04-30
100056,5,12,1014.13,7,0,0,1,1,2026-05-31
100056,6,16,366.93,16,0,1,1,0,2026-06-30
100057,1,9,275.44,6,0,1,0,1,2026-01-31
100057,2,5,199.96,15,0,1,0,1,2026-02-28
100057,3,10,573.39,7,1,0,1,1,2026-03-31
100057,4,9,969.63,14,1,0,1,0,2026-04-30
100057,5,7,528.99,16,0,0,1,0,2026-05-31
100057,6,12,817.56,13,0,0,1,0,2026-06-30
100058,1,12,1491.74,13,1,1,1,1,2026-01-31
100058,2,10,1116.55,16,1,0,0,0,2026-02-28
100058,3,19,1326.99,14,1,0,1,1,2026-03-31
100058,4,8,1159.87,15,0,1,1,0,2026-04-30
100058,5,13,495.34,10,1,0,1,0,2026-05-31
100058,6,13,973.5,11,0,0,1,0,2026-06-30
100059,1,17,1657.27,16,0,0,1,0,2026-01-31
100059,2,15,300.44,11,0,1,0,0,2026-02-28
100059,3,13,1125.94,9,1,0,0,0,2026-03-31
100059,4,12,536.21,8,1,1,1,1,2026-04-30
100059,5,25,1307.97,7,0,0,1,0,2026-05-31
100059,6,27,1724.03,12,0,0,1,0,2026-06-30
100060,1,22,3029.16,10,1,0,1,0,2026-01-31
100060,2,11,1339.92,7,1,1,1,1,2026-02-28
100060,3,9,778.78,11,0,0,1,0,2026-03-31
100060,4,11,1208.48,9,0,0,0,1,2026-04-30
100060,5,14,358.44,10,0,1,0,1,2026-05-31
100060,6,18,2251.35,8,0,0,1,0,2026-06-30
100061,1,11,256.25,12,0,0,1,0,2026-01-31
100061,2,6,352.42,4,1,1,1,0,2026-02-28
100061,3,10,1349.82,13,0,1,1,0,2026-03-31
100061,4,12,768.56,19,1,0,1,0,2026-04-30
100061,5,12,1673.96,10,0,0,1,1,2026-05-31
100061,6,10,1190.83,13,1,1,0,0,2026-06-30
100062,1,27,1926.64,9,0,1,1,0,2026-01-31
100062,2,29,3276.02,15,1,1,1,0,2026-02-28
100062,3,13,608.11,6,1,1,0,1,2026-03-31
100062,4,22,1417.09,7,0,0,0,0,2026-04-30
100062,5,18,1467.84,13,0,1,0,0,2026-05-31
100062,6,19,788.78,14,0,0,1,0,2026-06-30
100063,1,21,1608.63,17,0,1,1,0,2026-01-31
100063,2,19,1774.11,9,0,1,0,1,2026-02-28
100063,3,23,2229.23,10,0,1,1,0,2026-03-31
100063,4,19,1237.1,23,0,1,1,0,2026-04-30
100063,5,16,2234.71,8,0,0,1,1,2026-05-31
100063,6,14,634.82,15,0,0,1,0,2026-06-30
100064,1,6,570.54,11,0,0,1,0,2026-01-31
100064,2,9,1314.99,17,0,1,1,0,2026-02-28
100064,3,8,453.2,16,0,1,1,0,2026-03-31
100064,4,5,323.13,16,0,0,0,0,2026-04-30
100064,5,7,212.54,21,0,0,0,0,2026-05-31
100064,6,9,938.96,17,0,0,0,0,2026-06-30
100065,1,5,404.56,7,0,0,0,1,2026-01-31
100065,2,4,359.95,15,0,1,0,1,2026-02-28
100065,3,8,537.94,13,1,1,1,0,2026-03-31
100065,4,8,226.35,9,1,1,0,0,2026-04-30
100065,5,8,611.91,12,1,1,1,0,2026-05-31
100065,6,5,138.0,10,0,0,1,0,2026-06-30
100066,1,26,2766.82,13,0,0,1,0,2026-01-31
100066,2,14,950.22,16,1,0,0,1,2026-02-28
100066,3,23,1880.57,11,0,0,0,0,2026-03-31
100066,4,31,2867.49,8,1,0,1,0,2026-04-30
100066,5,33,2131.58,16,1,1,0,0,2026-05-31
100066,6,15,1704.89,4,0,1,1,0,2026-06-30
100067,1,27,3675.5,12,0,1,0,0,2026-01-31
100067,2,24,3371.95,16,0,1,1,0,2026-02-28
100067,3,17,956.61,12,0,0,1,0,2026-03-31
100067,4,18,563.5,8,1,1,0,0,2026-04-30
100067,5,15,2173.46,12,2,0,1,0,2026-05-31
100067,6,15,2206.04,15,0,0,1,0,2026-06-30
100068,1,11,769.86,10,0,1,1,0,2026-01-31
100068,2,20,1019.55,8,0,0,0,0,2026-02-28
100068,3,19,1298.95,12,1,1,1,0,2026-03-31
100068,4,14,923.32,10,0,0,0,0,2026-04-30
100068,5,15,1424.26,13,1,0,1,0,2026-05-31
100068,6,17,1974.47,7,0,0,1,0,2026-06-30
100069,1,5,354.1,13,0,0,1,0,2026-01-31
100069,2,7,908.83,13,0,1,1,0,2026-02-28
100069,3,5,550.7,12,0,0,0,0,2026-03-31
100069,4,8,394.17,9,0,0,1,0,2026-04-30
100069,5,6,813.42,14,0,0,1,0,2026-05-31
100069,6,4,342.15,8,0,1,0,0,2026-06-30
100070,1,12,367.06,9,0,1,0,0,2026-01-31
100070,2,7,272.42,16,0,1,0,1,2026-02-28
100070,3,12,357.43,4,1,1,0,0,2026-03-31
100070,4,13,724.92,11,1,1,0,1,2026-04-30
100070,5,15,2202.42,9,1,0,1,0,2026-05-31
100070,6,10,1407.12,11,0,1,1,0,2026-06-30
100071,1,8,1064.48,15,0,1,0,0,2026-01-31
100071,2,7,903.34,12,0,0,0,1,2026-02-28
100071,3,9,237.06,14,0,0,0,0,2026-03-31
100071,4,5,222.35,4,0,1,1,0,2026-04-30
100071,5,8,445.18,8,1,1,1,0,2026-05-31
100071,6,5,628.35,14,1,0,0,1,2026-06-30
100072,1,12,1734.43,7,0,1,1,1,2026-01-31
100072,2,10,1039.71,11,0,1,1,1,2026-02-28
100072,3,9,948.18,15,1,0,1,0,2026-03-31
100072,4,10,336.06,14,0,1,1,0,2026-04-30
100072,5,10,1400.85,13,0,1,1,0,2026-05-31
100072,6,11,275.78,17,2,1,1,1,2026-06-30
100073,1,16,2276.76,10,0,1,1,1,2026-01-31
100073,2,9,943.17,12,0,1,1,1,2026-02-28
100073,3,17,807.26,11,1,0,1,1,2026-03-31
100073,4,13,963.31,5,0,1,1,1,2026-04-30
100073,5,11,1233.27,10,0,0,1,0,2026-05-31
100073,6,17,1388.72,14,0,1,1,0,2026-06-30
100074,1,13,418.12,9,0,1,1,0,2026-01-31
100074,2,11,1058.84,12,0,1,1,0,2026-02-28
100074,3,15,1885.63,9,0,1,1,0,2026-03-31
100074,4,26,2782.13,11,0,0,0,0,2026-04-30
100074,5,19,1777.65,20,1,0,1,0,2026-05-31
100074,6,15,2083.94,18,0,0,1,0,2026-06-30
100075,1,9,278.53,19,0,0,0,0,2026-01-31
100075,2,10,519.09,17,0,1,1,0,2026-02-28
100075,3,6,890.65,13,0,0,1,0,2026-03-31
100075,4,6,135.33,26,0,0,1,1,2026-04-30
100075,5,6,244.54,16,0,0,1,0,2026-05-31
100075,6,11,792.51,15,0,1,0,0,2026-06-30
100076,1,10,1038.7,3,0,1,1,1,2026-01-31
100076,2,5,452.31,12,1,1,1,0,2026-02-28
100076,3,11,466.51,17,1,0,1,0,2026-03-31
100076,4,12,1515.8,17,1,0,1,0,2026-04-30
100076,5,9,1178.34,9,0,1,1,0,2026-05-31
100076,6,6,606.05,14,0,0,0,1,2026-06-30
100077,1,8,1007.21,17,1,0,1,1,2026-01-31
100077,2,10,724.58,10,0,1,1,0,2026-02-28
100077,3,5,255.25,14,0,0,1,0,2026-03-31
100077,4,8,733.78,9,0,0,0,0,2026-04-30
100077,5,9,204.75,14,0,0,0,0,2026-05-31
100077,6,10,457.66,14,0,1,1,0,2026-06-30
100078,1,13,347.92,6,0,0,0,0,2026-01-31
100078,2,7,156.41,10,0,1,0,0,2026-02-28
100078,3,12,318.5,5,0,0,1,0,2026-03-31
100078,4,9,752.07,7,0,0,0,0,2026-04-30
100078,5,12,1116.09,6,1,0,1,0,2026-05-31
100078,6,14,1449.91,22,0,0,0,0,2026-06-30
100079,1,19,603.33,13,0,0,1,0,2026-01-31
100079,2,15,983.88,18,0,0,1,0,2026-02-28
100079,3,20,894.99,6,0,1,0,0,2026-03-31
100079,4,18,2492.54,9,1,1,0,1,2026-04-30
100079,5,23,743.6,15,0,0,0,0,2026-05-31
100079,6,10,802.95,7,0,1,1,1,2026-06-30
100080,1,9,943.69,13,0,1,1,1,2026-01-31
100080,2,12,786.29,11,0,0,1,0,2026-02-28
100080,3,7,989.41,15,0,1,1,0,2026-03-31
100080,4,7,214.14,7,0,1,1,0,2026-04-30
100080,5,8,457.73,9,0,0,1,1,2026-05-31
100080,6,12,1083.26,5,0,0,1,0,2026-06-30
100081,1,16,2046.82,12,1,0,0,1,2026-01-31
100081,2,22,2984.93,13,0,0,1,0,2026-02-28
100081,3,19,1071.02,7,1,1,1,0,2026-03-31
100081,4,13,1004.62,12,0,1,1,0,2026-04-30
100081,5,16,2276.64,11,0,0,1,1,2026-05-31
100081,6,19,1042.67,18,1,0,1,0,2026-06-30
100082,1,4,360.38,16,0,1,0,0,2026-01-31
100082,2,3,413.59,9,0,0,0,0,2026-02-28
100082,3,4,508.43,20,0,0,1,0,2026-03-31
100082,4,3,302.8,9,1,0,1,0,2026-04-30
100082,5,5,230.76,3,2,1,1,0,2026-05-31
100082,6,5,619.4,9,2,0,1,0,2026-06-30
100083,1,6,552.6,23,0,0,1,1,2026-01-31
100083,2,4,395.63,9,0,0,1,0,2026-02-28
100083,3,5,338.09,7,1,0,1,0,2026-03-31
100083,4,2,60.41,9,1,0,1,1,2026-04-30
100083,5,6,696.86,7,0,1,0,0,2026-05-31
100083,6,3,158.28,17,0,0,0,0,2026-06-30
100084,1,5,573.52,11,1,0,1,0,2026-01-31
100084,2,9,575.46,17,0,1,0,0,2026-02-28
100084,3,10,547.97,6,0,0,1,0,2026-03-31
100084,4,6,370.04,10,0,1,1,0,2026-04-30
100084,5,5,658.18,10,0,1,1,1,2026-05-31
100084,6,6,661.42,6,1,1,1,0,2026-06-30
100085,1,15,1906.3,14,0,0,1,0,2026-01-31
100085,2,8,1020.68,12,0,0,0,1,2026-02-28
100085,3,12,588.82,14,0,1,1,0,2026-03-31
100085,4,18,760.34,10,0,0,1,1,2026-04-30
100085,5,13,1948.66,10,1,0,1,0,2026-05-31
100085,6,15,1184.16,8,0,0,1,0,2026-06-30
100086,1,7,240.59,9,1,0,1,1,2026-01-31
100086,2,15,1684.08,20,1,0,1,0,2026-02-28
100086,3,15,473.57,7,1,1,0,0,2026-03-31
100086,4,7,217.72,10,0,0,1,0,2026-04-30
100086,5,14,1933.31,13,2,1,0,0,2026-05-31
100086,6,10,594.37,9,0,1,1,0,2026-06-30
100087,1,13,1854.0,12,0,0,1,1,2026-01-31
100087,2,19,1327.41,11,0,0,1,0,2026-02-28
100087,3,8,400.22,20,0,1,1,0,2026-03-31
100087,4,11,467.04,16,0,1,1,0,2026-04-30
100087,5,14,1400.31,7,1,0,0,0,2026-05-31
100087,6,11,1381.11,18,0,1,1,0,2026-06-30
100088,1,6,400.66,14,1,0,0,0,2026-01-31
100088,2,4,145.76,14,0,0,1,0,2026-02-28
100088,3,4,364.24,14,0,0,0,1,2026-03-31
100088,4,6,356.5,11,0,1,1,0,2026-04-30
100088,5,3,422.12,11,0,0,0,0,2026-05-31
100088,6,4,275.94,9,1,0,1,1,2026-06-30
100089,1,14,977.94,13,1,1,1,0,2026-01-31
100089,2,9,1207.56,19,0,0,0,0,2026-02-28
100089,3,13,1799.29,16,1,1,1,0,2026-03-31
100089,4,6,262.68,10,0,0,1,0,2026-04-30
100089,5,11,1016.09,12,0,0,1,0,2026-05-31
100089,6,11,1104.58,5,1,0,1,0,2026-06-30
100090,1,17,2306.35,5,0,1,1,0,2026-01-31
100090,2,31,2264.4,11,0,0,1,1,2026-02-28
100090,3,18,1438.43,9,1,1,1,0,2026-03-31
100090,4,32,1191.51,12,1,0,1,0,2026-04-30
100090,5,28,938.41,22,1,0,1,0,2026-05-31
100090,6,27,1982.37,15,0,1,1,0,2026-06-30
100091,1,7,512.7,18,1,0,1,0,2026-01-31
100091,2,10,832.33,12,3,0,1,0,2026-02-28
100091,3,13,570.25,10,3,0,1,1,2026-03-31
100091,4,14,1843.97,4,0,0,1,0,2026-04-30
100091,5,13,1378.61,7,0,0,1,1,2026-05-31
100091,6,6,753.68,22,1,0,1,0,2026-06-30
100092,1,16,716.06,7,0,0,1,0,2026-01-31
100092,2,29,2998.76,7,0,1,1,0,2026-02-28
100092,3,21,1193.97,21,0,0,1,0,2026-03-31
100092,4,30,1218.23,10,0,0,1,1,2026-04-30
100092,5,12,1665.41,13,0,1,1,0,2026-05-31
100092,6,18,515.39,16,0,0,1,0,2026-06-30
100093,1,7,997.39,11,0,0,1,0,2026-01-31
100093,2,8,572.13,14,0,0,1,0,2026-02-28
100093,3,8,502.49,12,0,0,1,0,2026-03-31
100093,4,8,861.15,8,0,0,1,0,2026-04-30
100093,5,6,189.59,12,0,0,0,0,2026-05-31
100093,6,5,522.41,7,0,1,1,0,2026-06-30
100094,1,10,596.19,8,0,1,1,0,2026-01-31
100094,2,9,406.33,5,0,0,1,0,2026-02-28
100094,3,8,896.27,10,0,0,1,0,2026-03-31
100094,4,10,1332.73,18,0,0,1,0,2026-04-30
100094,5,13,882.42,10,0,1,1,1,2026-05-31
100094,6,5,666.02,11,0,0,0,0,2026-06-30
100095,1,15,1267.83,13,1,1,1,0,2026-01-31
100095,2,13,1222.43,9,1,1,1,1,2026-02-28
100095,3,10,368.72,20,0,1,0,1,2026-03-31
100095,4,23,527.48,8,1,1,1,0,2026-04-30
100095,5,18,967.11,9,0,0,0,0,2026-05-31
100095,6,9,1092.05,14,1,1,0,0,2026-06-30
100096,1,19,1719.48,8,0,0,1,0,2026-01-31
100096,2,20,2299.77,6,1,1,1,1,2026-02-28
100096,3,16,344.5,14,0,0,0,0,2026-03-31
100096,4,25,1110.69,11,0,0,0,0,2026-04-30
100096,5,16,1252.69,10,0,0,1,0,2026-05-31
100096,6,24,3255.82,11,0,1,1,0,2026-06-30
100097,1,3,230.94,7,0,1,0,0,2026-01-31
100097,2,4,428.08,13,0,1,1,0,2026-02-28
100097,3,3,310.69,19,1,1,1,0,2026-03-31
100097,4,4,469.64,9,1,1,1,0,2026-04-30
100097,5,4,468.56,8,0,1,1,0,2026-05-31
100097,6,5,540.78,13,0,1,0,0,2026-06-30
100098,1,6,146.07,8,0,1,1,1,2026-01-31
100098,2,4,592.47,19,2,0,1,1,2026-02-28
100098,3,5,442.85,2,0,1,1,0,2026-03-31
100098,4,3,295.46,10,0,0,0,0,2026-04-30
100098,5,6,815.62,8,1,1,1,0,2026-05-31
100098,6,4,93.39,11,0,1,1,1,2026-06-30
100099,1,7,801.69,4,0,1,1,0,2026-01-31
100099,2,4,454.12,12,0,0,1,0,2026-02-28
100099,3,5,435.36,13,0,0,0,0,2026-03-31
100099,4,6,592.45,12,0,0,1,0,2026-04-30
100099,5,9,899.01,15,0,0,1,0,2026-05-31
100099,6,5,422.18,10,0,0,1,0,2026-06-30
100100,1,4,84.39,21,0,1,1,0,2026-01-31
100100,2,2,54.05,12,0,1,1,0,2026-02-28
100100,3,4,288.08,12,0,1,1,0,2026-03-31
100100,4,4,335.95,15,0,0,1,0,2026-04-30
100100,5,3,104.37,13,0,0,0,0,2026-05-31
100100,6,6,793.52,18,0,0,1,0,2026-06-30
100101,1,18,1210.62,19,0,0,1,0,2026-01-31
100101,2,26,1462.59,17,1,0,0,0,2026-02-28
100101,3,12,970.8,14,1,0,0,0,2026-03-31
100101,4,22,2468.26,11,0,0,1,0,2026-04-30
100101,5,18,2485.74,9,1,1,1,0,2026-05-31
100101,6,23,1874.91,13,0,1,0,0,2026-06-30
100102,1,11,361.53,10,1,0,1,1,2026-01-31
100102,2,10,1241.78,9,0,0,1,0,2026-02-28
100102,3,12,504.82,14,0,0,1,0,2026-03-31
100102,4,10,1283.25,7,1,1,0,0,2026-04-30
100102,5,12,1585.77,6,0,0,0,1,2026-05-31
100102,6,8,209.31,16,0,1,0,0,2026-06-30
100103,1,16,1840.69,7,0,1,0,0,2026-01-31
100103,2,25,2477.86,15,0,0,0,0,2026-02-28
100103,3,16,570.16,16,1,0,0,0,2026-03-31
100103,4,15,1341.73,19,1,0,0,1,2026-04-30
100103,5,13,970.87,10,0,1,1,0,2026-05-31
100103,6,25,3108.32,10,0,0,0,0,2026-06-30
100104,1,2,115.09,9,1,0,1,0,2026-01-31
100104,2,1,141.8,6,1,0,1,0,2026-02-28
100104,3,1,60.74,8,1,0,1,0,2026-03-31
100104,4,1,32.6,12,1,1,1,0,2026-04-30
100104,5,1,63.28,8,4,1,1,1,2026-05-31
100104,6,1,147.53,6,1,1,1,0,2026-06-30
100105,1,12,1052.22,14,0,0,1,1,2026-01-31
100105,2,16,1005.11,17,0,0,1,1,2026-02-28
100105,3,14,409.07,10,0,0,1,0,2026-03-31
100105,4,12,983.74,9,0,0,1,1,2026-04-30
100105,5,7,961.82,15,0,1,1,0,2026-05-31
100105,6,11,1565.58,11,1,0,1,1,2026-06-30
100106,1,12,969.86,17,1,0,1,0,2026-01-31
100106,2,21,561.1,9,0,0,1,0,2026-02-28
100106,3,22,1550.06,10,0,0,1,0,2026-03-31
100106,4,29,3278.05,17,0,1,0,0,2026-04-30
100106,5,29,2779.17,12,0,0,1,0,2026-05-31
100106,6,20,2949.69,10,0,1,1,0,2026-06-30
100107,1,10,496.48,5,0,0,1,1,2026-01-31
100107,2,18,937.39,11,0,1,1,0,2026-02-28
100107,3,15,1401.89,10,1,1,1,1,2026-03-31
100107,4,8,828.55,19,2,1,0,0,2026-04-30
100107,5,12,1051.48,8,0,1,0,0,2026-05-31
100107,6,14,1469.65,19,0,0,1,0,2026-06-30
100108,1,8,451.86,12,0,0,0,0,2026-01-31
100108,2,7,733.03,16,0,1,0,0,2026-02-28
100108,3,13,1024.43,7,0,0,1,0,2026-03-31
100108,4,11,1128.27,20,0,0,0,0,2026-04-30
100108,5,13,1250.09,17,0,0,0,0,2026-05-31
100108,6,8,259.52,15,1,0,0,1,2026-06-30
100109,1,24,3287.72,9,0,0,1,1,2026-01-31
100109,2,11,1188.98,9,0,1,0,0,2026-02-28
100109,3,16,2207.07,15,0,0,1,0,2026-03-31
100109,4,21,2771.16,10,2,0,1,1,2026-04-30
100109,5,12,1023.97,13,0,1,1,0,2026-05-31
100109,6,10,732.02,12,1,0,1,0,2026-06-30
100110,1,18,1616.98,8,0,0,0,1,2026-01-31
100110,2,12,1016.33,6,1,1,1,0,2026-02-28
100110,3,15,469.53,5,0,1,1,0,2026-03-31
100110,4,20,2812.54,13,0,0,0,0,2026-04-30
100110,5,11,1254.72,12,0,1,0,0,2026-05-31
100110,6,22,2966.38,10,0,0,0,0,2026-06-30
100111,1,14,797.07,7,0,0,1,0,2026-01-31
100111,2,10,871.51,8,0,0,1,0,2026-02-28
100111,3,13,553.34,21,0,0,1,0,2026-03-31
100111,4,19,1672.2,20,0,0,1,0,2026-04-30
100111,5,17,1249.22,13,0,0,0,0,2026-05-31
100111,6,19,1779.12,12,0,1,0,0,2026-06-30
100112,1,12,869.54,11,0,0,1,1,2026-01-31
100112,2,11,1156.11,15,0,0,1,1,2026-02-28
100112,3,8,235.24,13,0,0,1,0,2026-03-31
100112,4,11,1250.19,19,0,0,0,0,2026-04-30
100112,5,13,1702.63,8,0,1,1,0,2026-05-31
100112,6,9,255.45,14,2,0,1,0,2026-06-30
100113,1,16,2227.56,4,0,0,1,0,2026-01-31
100113,2,18,439.97,8,0,1,0,0,2026-02-28
100113,3,10,382.06,11,1,1,0,0,2026-03-31
100113,4,20,2029.64,15,2,1,1,0,2026-04-30
100113,5,18,1562.95,14,0,0,1,1,2026-05-31
100113,6,13,1264.42,9,1,0,1,0,2026-06-30
100114,1,11,1497.75,9,0,1,0,0,2026-01-31
100114,2,25,3039.95,13,0,1,1,0,2026-02-28
100114,3,16,991.18,18,1,0,1,0,2026-03-31
100114,4,19,2013.97,16,0,0,1,0,2026-04-30
100114,5,11,834.33,11,0,0,0,0,2026-05-31
100114,6,21,1930.86,9,0,0,0,0,2026-06-30
100115,1,7,370.65,6,0,0,1,0,2026-01-31
100115,2,8,1196.87,10,0,1,1,0,2026-02-28
100115,3,8,1039.96,11,0,1,1,0,2026-03-31
100115,4,7,501.48,21,1,0,1,0,2026-04-30
100115,5,18,2370.37,10,0,1,0,0,2026-05-31
100115,6,13,885.3,17,0,0,1,0,2026-06-30
100116,1,14,2063.44,8,1,0,0,0,2026-01-31
100116,2,19,714.48,17,0,1,1,0,2026-02-28
100116,3,19,2727.96,14,0,0,1,0,2026-03-31
100116,4,16,1354.08,13,0,0,1,0,2026-04-30
100116,5,21,507.05,5,0,0,1,0,2026-05-31
100116,6,18,2046.89,13,0,1,1,0,2026-06-30
100117,1,21,2901.35,8,0,0,1,1,2026-01-31
100117,2,26,950.95,12,1,0,1,0,2026-02-28
100117,3,23,1460.86,16,0,1,1,0,2026-03-31
100117,4,14,839.93,6,1,0,1,0,2026-04-30
100117,5,22,2758.66,6,0,1,1,0,2026-05-31
100117,6,20,461.66,11,0,0,0,1,2026-06-30
100118,1,12,496.99,8,1,0,1,1,2026-01-31
100118,2,8,834.48,11,0,0,1,1,2026-02-28
100118,3,12,564.52,13,1,0,1,1,2026-03-31
100118,4,8,639.41,14,1,1,0,1,2026-04-30
100118,5,11,1444.49,9,1,0,1,0,2026-05-31
100118,6,10,1247.26,16,0,0,0,0,2026-06-30
100119,1,6,413.23,10,0,1,0,0,2026-01-31
100119,2,7,484.01,3,1,0,1,0,2026-02-28
100119,3,5,250.98,9,0,1,0,0,2026-03-31
100119,4,5,146.07,10,0,1,1,0,2026-04-30
100119,5,5,716.9,12,0,1,0,0,2026-05-31
100119,6,7,404.49,8,0,0,0,0,2026-06-30
100120,1,10,818.68,8,0,0,0,0,2026-01-31
100120,2,10,1088.81,16,0,0,1,0,2026-02-28
100120,3,15,2053.54,8,0,0,1,0,2026-03-31
100120,4,13,1044.62,9,1,1,1,0,2026-04-30
100120,5,7,694.19,10,0,1,0,0,2026-05-31
100120,6,7,559.22,24,1,1,1,0,2026-06-30
100121,1,5,169.78,9,0,1,1,1,2026-01-31
100121,2,4,439.16,11,0,1,1,1,2026-02-28
100121,3,6,199.87,5,0,0,1,0,2026-03-31
100121,4,4,570.77,11,0,1,1,0,2026-04-30
100121,5,8,572.76,7,0,1,0,1,2026-05-31
100121,6,6,280.19,17,1,1,0,0,2026-06-30
100122,1,12,314.23,7,0,1,1,0,2026-01-31
100122,2,12,268.9,11,0,0,1,0,2026-02-28
100122,3,9,870.11,8,1,0,1,0,2026-03-31
100122,4,7,817.59,10,0,0,1,0,2026-04-30
100122,5,7,886.08,12,0,0,0,1,2026-05-31
100122,6,8,569.09,14,0,1,1,1,2026-06-30
100123,1,5,329.08,9,0,0,1,0,2026-01-31
100123,2,4,221.37,10,0,1,1,0,2026-02-28
100123,3,7,690.2,15,0,1,1,0,2026-03-31
100123,4,7,861.14,9,0,1,1,0,2026-04-30
100123,5,4,595.67,13,0,1,1,0,2026-05-31
100123,6,8,575.07,12,1,0,0,0,2026-06-30
100124,1,7,370.1,12,1,0,0,0,2026-01-31
100124,2,10,370.1,14,1,1,1,0,2026-02-28
100124,3,18,949.34,16,0,0,1,0,2026-03-31
100124,4,16,732.69,15,0,1,1,0,2026-04-30
100124,5,18,740.41,11,1,1,0,1,2026-05-31
100124,6,20,1164.5,9,1,0,1,0,2026-06-30
100125,1,33,4362.39,6,0,0,0,0,2026-01-31
100125,2,43,5365.63,10,0,0,1,0,2026-02-28
100125,3,19,523.67,13,0,0,1,1,2026-03-31
100125,4,18,1935.74,20,0,1,1,1,2026-04-30
100125,5,37,4249.41,5,0,0,0,0,2026-05-31
100125,6,40,801.25,7,0,0,1,0,2026-06-30
100126,1,26,2317.86,7,0,0,1,0,2026-01-31
100126,2,32,3756.74,8,0,0,1,0,2026-02-28
100126,3,19,1643.25,11,0,0,1,0,2026-03-31
100126,4,29,3432.78,10,0,0,1,0,2026-04-30
100126,5,25,2825.39,6,0,0,0,1,2026-05-31
100126,6,26,1716.2,11,1,0,1,0,2026-06-30
100127,1,18,1462.4,10,2,0,1,0,2026-01-31
100127,2,15,1484.17,16,0,1,0,1,2026-02-28
100127,3,26,3656.0,10,0,0,1,0,2026-03-31
100127,4,15,355.61,22,1,1,0,1,2026-04-30
100127,5,25,1620.56,13,0,1,1,0,2026-05-31
100127,6,23,2744.64,10,2,0,0,0,2026-06-30
100128,1,17,2053.17,10,0,0,1,0,2026-01-31
100128,2,20,2171.14,14,2,0,0,0,2026-02-28
100128,3,13,1007.24,10,0,0,1,1,2026-03-31
100128,4,23,1604.64,15,0,1,1,1,2026-04-30
100128,5,15,1670.91,5,1,0,1,0,2026-05-31
100128,6,19,612.7,20,0,1,1,1,2026-06-30
100129,1,4,417.53,13,0,1,1,0,2026-01-31
100129,2,8,975.28,17,1,0,1,0,2026-02-28
100129,3,6,298.71,13,0,0,1,0,2026-03-31
100129,4,8,604.54,16,0,0,1,0,2026-04-30
100129,5,6,782.32,11,0,0,1,1,2026-05-31
100129,6,5,704.03,17,0,0,1,0,2026-06-30
100130,1,5,734.39,6,2,0,1,0,2026-01-31
100130,2,5,571.31,13,0,1,0,0,2026-02-28
100130,3,3,259.91,14,1,1,1,1,2026-03-31
100130,4,3,272.98,8,0,0,1,1,2026-04-30
100130,5,2,192.85,17,1,1,0,1,2026-05-31
100130,6,2,162.48,9,0,0,0,0,2026-06-30
100131,1,10,328.25,9,0,0,1,0,2026-01-31
100131,2,15,2004.5,8,1,1,1,1,2026-02-28
100131,3,8,1151.57,9,0,0,1,0,2026-03-31
100131,4,10,1334.21,15,1,1,1,0,2026-04-30
100131,5,9,1184.81,11,1,0,0,0,2026-05-31
100131,6,7,716.74,21,0,1,1,0,2026-06-30
100132,1,10,1468.29,16,0,0,0,0,2026-01-31
100132,2,18,1536.18,8,0,0,0,0,2026-02-28
100132,3,12,1161.32,9,1,0,0,1,2026-03-31
100132,4,18,552.43,12,0,1,1,0,2026-04-30
100132,5,20,1241.38,10,0,0,0,0,2026-05-31
100132,6,12,1021.15,10,1,1,1,0,2026-06-30
100133,1,16,2387.05,14,0,0,1,0,2026-01-31
100133,2,17,2492.61,11,0,0,0,0,2026-02-28
100133,3,18,2356.05,10,0,0,1,0,2026-03-31
100133,4,14,737.75,17,0,1,1,1,2026-04-30
100133,5,18,1113.12,4,0,0,1,0,2026-05-31
100133,6,9,210.83,12,0,0,1,0,2026-06-30
100134,1,15,937.61,13,0,0,0,0,2026-01-31
100134,2,15,1623.86,15,1,0,0,0,2026-02-28
100134,3,18,2135.58,8,0,0,1,0,2026-03-31
100134,4,14,470.29,19,2,0,1,0,2026-04-30
100134,5,16,1533.44,14,1,1,1,1,2026-05-31
100134,6,9,450.31,15,1,0,1,0,2026-06-30
100135,1,27,2736.72,13,0,0,1,0,2026-01-31
100135,2,16,1695.51,15,0,1,0,1,2026-02-28
100135,3,22,2590.37,8,0,1,0,0,2026-03-31
100135,4,28,2471.74,13,1,0,0,1,2026-04-30
100135,5,31,3357.96,17,1,0,1,0,2026-05-31
100135,6,21,550.95,15,0,0,1,0,2026-06-30
100136,1,9,196.36,20,0,0,1,1,2026-01-31
100136,2,10,1151.14,9,0,1,1,0,2026-02-28
100136,3,8,1153.3,10,0,1,1,0,2026-03-31
100136,4,9,829.37,6,0,1,1,0,2026-04-30
100136,5,18,1983.39,10,0,1,1,1,2026-05-31
100136,6,17,1689.23,10,0,0,0,0,2026-06-30
100137,1,19,2546.57,15,0,1,1,0,2026-01-31
100137,2,12,1248.59,10,0,0,1,0,2026-02-28
100137,3,16,740.73,7,1,0,1,0,2026-03-31
100137,4,21,1360.32,13,0,0,1,0,2026-04-30
100137,5,15,1789.11,7,1,1,0,0,2026-05-31
100137,6,23,2569.8,18,0,0,1,0,2026-06-30
100138,1,32,2745.92,7,1,1,1,0,2026-01-31
100138,2,36,2926.0,13,1,1,0,0,2026-02-28
100138,3,28,1924.87,17,0,1,1,1,2026-03-31
100138,4,30,4303.2,6,0,1,1,0,2026-04-30
100138,5,28,1901.78,9,0,0,1,0,2026-05-31
100138,6,32,870.81,8,0,0,1,0,2026-06-30
100139,1,10,463.2,21,0,0,1,0,2026-01-31
100139,2,10,973.39,9,2,0,0,0,2026-02-28
100139,3,6,825.45,4,0,0,1,0,2026-03-31
100139,4,12,587.13,12,0,0,0,1,2026-04-30
100139,5,8,890.49,17,0,0,1,1,2026-05-31
100139,6,6,236.62,14,0,1,1,0,2026-06-30
100140,1,7,931.75,15,1,1,1,1,2026-01-31
100140,2,14,748.06,13,0,0,1,1,2026-02-28
100140,3,13,1741.99,12,1,0,0,1,2026-03-31
100140,4,13,1833.84,11,0,0,1,1,2026-04-30
100140,5,6,332.88,14,0,0,1,0,2026-05-31
100140,6,8,840.81,18,2,0,1,0,2026-06-30
100141,1,14,1939.11,3,0,0,1,0,2026-01-31
100141,2,23,3438.47,9,1,1,1,0,2026-02-28
100141,3,20,2877.29,14,1,1,0,0,2026-03-31
100141,4,24,2871.86,13,1,0,1,0,2026-04-30
100141,5,13,311.37,12,1,1,1,0,2026-05-31
100141,6,13,887.1,17,0,1,0,0,2026-06-30
100142,1,13,1053.09,9,1,1,1,0,2026-01-31
100142,2,13,686.21,9,0,0,1,0,2026-02-28
100142,3,15,1700.11,17,1,0,0,1,2026-03-31
100142,4,15,1438.47,15,0,1,1,0,2026-04-30
100142,5,13,476.71,12,0,0,0,0,2026-05-31
100142,6,7,901.3,12,0,1,1,0,2026-06-30
100143,1,7,843.71,10,1,1,0,1,2026-01-31
100143,2,8,1150.55,10,1,0,1,0,2026-02-28
100143,3,6,228.25,8,1,0,1,1,2026-03-31
100143,4,5,671.82,9,0,0,1,0,2026-04-30
100143,5,9,411.27,7,0,1,1,0,2026-05-31
100143,6,6,204.37,19,0,0,1,1,2026-06-30
100144,1,14,364.99,14,0,1,1,1,2026-01-31
100144,2,12,1623.04,10,0,0,0,0,2026-02-28
100144,3,17,715.45,15,2,0,0,0,2026-03-31
100144,4,10,556.03,16,0,1,0,0,2026-04-30
100144,5,23,1742.27,13,1,1,1,1,2026-05-31
100144,6,26,1337.46,14,0,1,1,0,2026-06-30
100145,1,5,210.37,15,0,1,1,0,2026-01-31
100145,2,10,391.46,16,1,0,1,0,2026-02-28
100145,3,9,319.97,5,0,0,0,0,2026-03-31
100145,4,12,1067.19,14,0,0,1,0,2026-04-30
100145,5,9,405.58,17,0,1,0,0,2026-05-31
100145,6,8,726.81,9,0,1,1,0,2026-06-30
100146,1,5,546.14,9,1,0,1,0,2026-01-31
100146,2,5,361.78,9,0,1,1,0,2026-02-28
100146,3,10,909.83,5,0,1,1,1,2026-03-31
100146,4,9,578.87,8,0,0,1,1,2026-04-30
100146,5,7,813.43,12,1,1,1,0,2026-05-31
100146,6,4,376.6,9,0,1,0,0,2026-06-30
100147,1,21,2744.43,16,1,0,0,0,2026-01-31
100147,2,22,1652.35,19,1,1,0,0,2026-02-28
100147,3,26,2429.07,20,1,0,0,0,2026-03-31
100147,4,30,1627.27,5,0,1,1,0,2026-04-30
100147,5,33,3576.5,9,1,1,1,0,2026-05-31
100147,6,14,1707.68,13,0,0,0,0,2026-06-30
100148,1,13,1369.03,14,1,0,1,0,2026-01-31
100148,2,24,1225.64,6,0,0,1,0,2026-02-28
100148,3,11,322.05,14,0,1,0,0,2026-03-31
100148,4,24,1477.3,12,0,0,0,1,2026-04-30
100148,5,16,1832.77,6,0,0,0,0,2026-05-31
100148,6,25,3745.94,9,1,1,0,0,2026-06-30
100149,1,8,198.37,9,0,1,1,0,2026-01-31
100149,2,4,376.79,22,0,0,0,1,2026-02-28
100149,3,3,111.45,7,0,1,0,1,2026-03-31
100149,4,5,489.36,10,0,0,1,0,2026-04-30
100149,5,7,370.0,6,0,0,1,0,2026-05-31
100149,6,4,467.47,9,0,0,1,0,2026-06-30
100150,1,3,104.57,9,0,1,0,1,2026-01-31
100150,2,4,441.02,6,0,0,1,0,2026-02-28
100150,3,2,296.57,6,1,0,1,0,2026-03-31
100150,4,4,426.6,21,0,1,0,0,2026-04-30
100150,5,5,218.88,16,0,0,1,0,2026-05-31
100150,6,3,205.65,20,0,0,0,1,2026-06-30
100151,1,10,870.21,9,0,1,1,0,2026-01-31
100151,2,17,2147.59,9,0,1,1,0,2026-02-28
100151,3,7,680.22,20,1,1,0,0,2026-03-31
100151,4,14,498.41,11,2,1,0,0,2026-04-30
100151,5,9,275.1,13,0,0,0,0,2026-05-31
100151,6,10,587.24,11,0,0,1,0,2026-06-30
100152,1,7,759.87,13,1,0,1,1,2026-01-31
100152,2,5,232.05,13,1,0,0,0,2026-02-28
100152,3,6,123.22,5,0,0,0,0,2026-03-31
100152,4,3,248.89,10,0,1,0,1,2026-04-30
100152,5,5,720.11,16,0,0,1,1,2026-05-31
100152,6,3,160.52,8,0,1,1,1,2026-06-30
100153,1,16,892.08,3,0,0,1,0,2026-01-31
100153,2,23,760.32,3,1,1,1,0,2026-02-28
100153,3,10,515.03,14,0,1,0,0,2026-03-31
100153,4,22,2864.17,7,1,0,0,0,2026-04-30
100153,5,16,963.28,10,0,1,1,0,2026-05-31
100153,6,22,2033.65,10,0,1,0,0,2026-06-30
100154,1,13,511.97,15,0,0,1,0,2026-01-31
100154,2,16,1621.23,7,0,0,0,0,2026-02-28
100154,3,10,430.37,19,0,0,0,0,2026-03-31
100154,4,12,1562.2,12,0,0,0,0,2026-04-30
100154,5,19,2839.15,14,0,0,1,0,2026-05-31
100154,6,12,1430.05,15,0,1,1,0,2026-06-30
100155,1,3,90.28,7,0,0,1,0,2026-01-31
100155,2,7,923.38,15,0,1,1,1,2026-02-28
100155,3,8,868.38,7,1,1,1,0,2026-03-31
100155,4,7,352.39,17,0,1,1,0,2026-04-30
100155,5,8,488.11,10,0,0,0,0,2026-05-31
100155,6,6,301.42,12,1,0,1,0,2026-06-30
100156,1,11,379.18,10,0,0,1,0,2026-01-31
100156,2,11,1175.04,18,1,0,1,0,2026-02-28
100156,3,10,1476.25,14,1,0,1,0,2026-03-31
100156,4,5,700.62,12,1,0,1,0,2026-04-30
100156,5,7,513.41,16,1,0,1,0,2026-05-31
100156,6,11,1062.99,8,1,1,1,0,2026-06-30
100157,1,18,864.37,8,1,1,1,0,2026-01-31
100157,2,11,1349.81,11,3,0,1,0,2026-02-28
100157,3,20,790.4,11,0,0,0,0,2026-03-31
100157,4,20,567.01,11,0,0,1,0,2026-04-30
100157,5,20,1324.17,9,1,0,1,0,2026-05-31
100157,6,15,700.98,11,1,1,0,0,2026-06-30
100158,1,19,949.14,15,0,1,1,0,2026-01-31
100158,2,14,2047.35,18,0,1,1,0,2026-02-28
100158,3,12,1134.08,14,0,1,0,0,2026-03-31
100158,4,20,1095.1,19,0,1,1,0,2026-04-30
100158,5,13,673.12,16,0,0,1,0,2026-05-31
100158,6,27,2979.33,14,0,1,1,0,2026-06-30
100159,1,6,226.62,14,1,0,1,0,2026-01-31
100159,2,6,411.98,7,0,0,0,1,2026-02-28
100159,3,6,382.01,8,0,0,0,0,2026-03-31
100159,4,12,554.26,11,1,0,0,0,2026-04-30
100159,5,9,243.81,17,0,0,1,0,2026-05-31
100159,6,9,401.15,7,0,0,1,1,2026-06-30
100160,1,8,797.65,14,1,1,1,0,2026-01-31
100160,2,10,701.45,16,1,1,0,0,2026-02-28
100160,3,4,389.13,8,0,0,0,1,2026-03-31
100160,4,8,1076.73,10,0,0,1,0,2026-04-30
100160,5,6,554.98,10,0,0,0,0,2026-05-31
100160,6,3,112.8,9,1,0,1,0,2026-06-30
100161,1,15,2088.24,7,0,0,1,0,2026-01-31
100161,2,7,630.7,12,0,1,1,0,2026-02-28
100161,3,16,1897.57,5,0,0,1,0,2026-03-31
100161,4,15,873.98,17,1,0,1,0,2026-04-30
100161,5,17,1753.55,13,1,0,0,0,2026-05-31
100161,6,16,1270.52,6,0,0,1,0,2026-06-30
100162,1,22,682.17,22,2,0,1,0,2026-01-31
100162,2,17,1728.97,11,0,1,1,0,2026-02-28
100162,3,12,453.83,7,0,0,1,0,2026-03-31
100162,4,21,2133.43,14,1,0,1,0,2026-04-30
100162,5,19,820.34,19,1,0,1,0,2026-05-31
100162,6,26,642.54,16,0,0,0,1,2026-06-30
100163,1,11,1399.67,7,0,1,0,0,2026-01-31
100163,2,9,351.81,8,1,1,1,0,2026-02-28
100163,3,5,329.11,10,0,0,1,1,2026-03-31
100163,4,12,370.89,9,1,0,1,1,2026-04-30
100163,5,10,808.49,13,1,1,1,0,2026-05-31
100163,6,6,709.01,15,0,0,1,0,2026-06-30
100164,1,14,774.1,15,0,1,1,0,2026-01-31
100164,2,15,1135.7,10,0,1,1,1,2026-02-28
100164,3,11,704.03,16,0,0,1,0,2026-03-31
100164,4,12,268.62,12,0,0,0,0,2026-04-30
100164,5,10,1304.25,11,2,0,0,0,2026-05-31
100164,6,6,762.6,9,2,0,1,0,2026-06-30
100165,1,6,139.23,16,0,0,0,0,2026-01-31
100165,2,9,608.75,4,2,0,1,0,2026-02-28
100165,3,7,812.87,11,0,0,1,0,2026-03-31
100165,4,5,334.04,6,1,0,1,1,2026-04-30
100165,5,6,620.07,21,0,0,1,1,2026-05-31
100165,6,7,984.15,9,1,1,1,0,2026-06-30
100166,1,20,2778.21,13,0,0,0,0,2026-01-31
100166,2,24,2519.11,23,0,0,0,0,2026-02-28
100166,3,10,645.82,19,0,0,1,0,2026-03-31
100166,4,25,3742.36,5,1,1,1,1,2026-04-30
100166,5,27,1149.47,10,0,0,1,0,2026-05-31
100166,6,13,1214.6,10,0,1,1,0,2026-06-30
100167,1,9,311.36,22,1,0,1,0,2026-01-31
100167,2,12,616.68,7,0,0,1,0,2026-02-28
100167,3,15,1650.98,12,1,1,0,0,2026-03-31
100167,4,12,974.04,5,4,0,1,0,2026-04-30
100167,5,19,2840.1,10,0,0,1,1,2026-05-31
100167,6,15,2087.11,17,1,0,1,1,2026-06-30
100168,1,19,1270.13,16,0,0,0,0,2026-01-31
100168,2,11,286.69,15,1,0,1,1,2026-02-28
100168,3,21,1061.36,9,0,0,1,0,2026-03-31
100168,4,9,585.82,7,2,0,1,0,2026-04-30
100168,5,16,1801.35,11,0,1,0,0,2026-05-31
100168,6,16,809.48,11,0,0,1,0,2026-06-30
100169,1,2,229.08,5,0,0,0,0,2026-01-31
100169,2,2,180.67,24,0,0,1,0,2026-02-28
100169,3,2,66.86,10,0,1,1,0,2026-03-31
100169,4,2,264.39,9,0,1,1,0,2026-04-30
100169,5,2,187.02,12,0,0,0,0,2026-05-31
100169,6,2,207.5,7,0,0,1,0,2026-06-30
100170,1,13,401.64,8,0,0,0,0,2026-01-31
100170,2,7,639.33,4,1,0,1,0,2026-02-28
100170,3,9,939.38,10,0,0,0,0,2026-03-31
100170,4,6,868.59,12,1,1,1,0,2026-04-30
100170,5,8,501.74,13,1,0,0,0,2026-05-31
100170,6,13,1267.52,11,1,0,0,0,2026-06-30
100171,1,8,507.2,14,1,0,1,0,2026-01-31
100171,2,13,1935.65,14,0,1,1,0,2026-02-28
100171,3,10,1125.92,17,0,1,1,0,2026-03-31
100171,4,7,190.94,12,0,0,1,0,2026-04-30
100171,5,7,920.25,10,0,1,1,0,2026-05-31
100171,6,9,718.98,12,0,0,1,1,2026-06-30
100172,1,7,646.07,10,0,1,0,0,2026-01-31
100172,2,3,424.07,12,0,0,0,0,2026-02-28
100172,3,4,149.28,5,0,0,1,1,2026-03-31
100172,4,7,555.77,7,0,0,1,0,2026-04-30
100172,5,4,299.97,15,0,0,0,0,2026-05-31
100172,6,4,89.25,7,2,0,1,0,2026-06-30
100173,1,24,1883.03,15,0,1,1,0,2026-01-31
100173,2,22,2496.9,14,0,0,1,0,2026-02-28
100173,3,21,3073.69,10,0,1,1,0,2026-03-31
100173,4,23,1869.0,15,2,0,1,0,2026-04-30
100173,5,28,2593.0,15,0,1,0,1,2026-05-31
100173,6,20,2452.54,9,1,0,1,1,2026-06-30
100174,1,12,430.4,8,4,0,1,0,2026-01-31
100174,2,14,1716.11,18,1,0,1,0,2026-02-28
100174,3,6,368.7,19,0,0,1,0,2026-03-31
100174,4,7,315.41,11,0,0,1,0,2026-04-30
100174,5,6,882.62,15,0,1,1,0,2026-05-31
100174,6,12,1438.47,14,1,1,1,0,2026-06-30
100175,1,8,952.66,15,0,0,1,0,2026-01-31
100175,2,5,623.75,6,0,0,1,1,2026-02-28
100175,3,7,685.08,5,2,1,0,1,2026-03-31
100175,4,7,811.12,7,0,0,1,1,2026-04-30
100175,5,5,285.73,16,0,0,1,1,2026-05-31
100175,6,9,963.58,12,0,1,1,0,2026-06-30
100176,1,23,1494.46,21,0,1,1,0,2026-01-31
100176,2,30,3212.78,9,1,0,0,0,2026-02-28
100176,3,27,2350.23,13,0,0,1,0,2026-03-31
100176,4,21,924.9,5,2,1,0,0,2026-04-30
100176,5,25,989.88,4,0,0,0,1,2026-05-31
100176,6,22,3216.46,5,1,0,1,1,2026-06-30
100177,1,26,1210.42,16,0,0,1,0,2026-01-31
100177,2,16,2072.86,5,0,0,1,0,2026-02-28
100177,3,22,2905.37,17,0,1,1,0,2026-03-31
100177,4,29,2415.77,21,0,0,0,1,2026-04-30
100177,5,35,1857.25,12,1,1,1,1,2026-05-31
100177,6,20,1311.83,5,0,1,0,0,2026-06-30
100178,1,15,1097.57,8,0,1,1,0,2026-01-31
100178,2,16,481.97,10,3,0,0,1,2026-02-28
100178,3,26,1616.99,11,0,0,0,0,2026-03-31
100178,4,21,2038.77,9,0,0,0,0,2026-04-30
100178,5,17,2481.27,16,2,1,0,0,2026-05-31
100178,6,15,1826.82,11,1,1,1,0,2026-06-30
100179,1,15,985.48,9,0,0,1,0,2026-01-31
100179,2,16,1291.72,12,0,1,1,0,2026-02-28
100179,3,21,1886.99,12,0,0,1,0,2026-03-31
100179,4,20,2669.47,12,0,0,1,0,2026-04-30
100179,5,11,929.8,10,0,0,0,0,2026-05-31
100179,6,20,2522.63,22,0,0,1,0,2026-06-30
100180,1,13,1209.61,9,0,0,1,1,2026-01-31
100180,2,10,290.47,13,1,1,1,0,2026-02-28
100180,3,9,363.11,9,0,0,0,0,2026-03-31
100180,4,21,2955.1,25,0,0,0,1,2026-04-30
100180,5,21,1603.09,8,1,1,1,1,2026-05-31
100180,6,15,1912.94,22,1,0,1,1,2026-06-30
100181,1,21,991.74,14,0,0,1,0,2026-01-31
100181,2,13,576.13,15,1,1,1,0,2026-02-28
100181,3,21,610.3,19,1,0,1,0,2026-03-31
100181,4,22,2767.0,5,0,1,1,0,2026-04-30
100181,5,13,663.4,8,0,0,1,0,2026-05-31
100181,6,25,3382.53,10,0,0,1,0,2026-06-30
100182,1,19,1808.83,15,0,0,1,1,2026-01-31
100182,2,20,516.76,6,0,0,0,0,2026-02-28
100182,3,18,2333.09,20,1,0,0,0,2026-03-31
100182,4,19,2305.7,18,0,1,0,1,2026-04-30
100182,5,16,953.53,10,1,1,1,0,2026-05-31
100182,6,19,458.09,6,0,0,0,0,2026-06-30
100183,1,6,295.31,14,0,1,1,1,2026-01-31
100183,2,6,644.13,8,2,1,1,0,2026-02-28
100183,3,5,309.66,10,1,0,0,1,2026-03-31
100183,4,4,326.07,15,0,0,0,0,2026-04-30
100183,5,8,964.35,9,1,0,0,1,2026-05-31
100183,6,4,190.68,3,0,0,0,0,2026-06-30
100184,1,8,938.5,21,1,1,0,0,2026-01-31
100184,2,6,427.45,13,0,1,1,0,2026-02-28
100184,3,11,436.16,10,0,0,1,0,2026-03-31
100184,4,7,519.13,11,0,1,1,0,2026-04-30
100184,5,11,1436.62,7,1,0,0,1,2026-05-31
100184,6,11,808.46,10,0,0,0,0,2026-06-30
100185,1,22,3285.0,16,3,1,1,0,2026-01-31
100185,2,11,608.59,16,1,1,1,0,2026-02-28
100185,3,19,2566.52,12,2,1,1,0,2026-03-31
100185,4,15,1097.52,15,1,1,0,0,2026-04-30
100185,5,25,2498.46,16,0,0,1,0,2026-05-31
100185,6,24,2595.59,12,0,0,1,0,2026-06-30
100186,1,19,2542.86,6,0,0,0,0,2026-01-31
100186,2,25,1046.33,9,0,1,1,0,2026-02-28
100186,3,16,594.08,8,1,0,1,1,2026-03-31
100186,4,20,1813.62,9,0,0,1,0,2026-04-30
100186,5,20,749.17,22,0,1,1,0,2026-05-31
100186,6,15,2085.26,16,3,0,1,0,2026-06-30
100187,1,17,2121.05,6,0,0,1,1,2026-01-31
100187,2,12,549.74,13,1,1,0,0,2026-02-28
100187,3,17,2294.07,8,0,0,0,0,2026-03-31
100187,4,12,266.35,13,1,0,1,1,2026-04-30
100187,5,15,1008.5,15,1,0,1,0,2026-05-31
100187,6,22,2754.54,11,0,0,0,0,2026-06-30
100188,1,30,2554.84,7,0,0,1,0,2026-01-31
100188,2,31,3410.53,17,0,1,1,0,2026-02-28
100188,3,29,2154.87,10,0,0,1,0,2026-03-31
100188,4,39,4768.13,10,1,0,1,1,2026-04-30
100188,5,31,3374.31,17,0,0,1,0,2026-05-31
100188,6,18,1941.35,7,0,0,1,0,2026-06-30
100189,1,7,564.64,16,0,1,0,0,2026-01-31
100189,2,6,192.43,8,0,0,1,0,2026-02-28
100189,3,4,163.47,6,0,0,0,0,2026-03-31
100189,4,6,212.29,13,0,1,0,1,2026-04-30
100189,5,7,605.47,8,2,0,0,0,2026-05-31
100189,6,5,180.88,10,0,0,0,0,2026-06-30
100190,1,25,3216.31,12,2,0,0,0,2026-01-31
100190,2,16,1175.55,9,0,0,1,0,2026-02-28
100190,3,22,2559.57,16,1,0,0,0,2026-03-31
100190,4,11,485.38,7,2,1,1,0,2026-04-30
100190,5,15,1922.52,9,1,1,1,0,2026-05-31
100190,6,25,1848.26,14,0,0,1,0,2026-06-30
100191,1,22,680.21,15,0,1,1,0,2026-01-31
100191,2,10,397.09,4,0,1,0,0,2026-02-28
100191,3,19,449.17,16,0,0,1,0,2026-03-31
100191,4,17,1188.03,6,0,0,1,0,2026-04-30
100191,5,17,1010.7,14,0,0,1,0,2026-05-31
100191,6,23,3099.59,6,0,1,1,1,2026-06-30
100192,1,19,1885.52,10,0,0,1,1,2026-01-31
100192,2,22,3247.4,13,2,1,1,0,2026-02-28
100192,3,24,3457.66,10,0,0,1,0,2026-03-31
100192,4,23,966.05,8,0,1,1,0,2026-04-30
100192,5,21,1576.67,9,1,0,1,0,2026-05-31
100192,6,16,2021.67,12,0,0,1,0,2026-06-30
100193,1,9,811.13,9,0,1,0,1,2026-01-31
100193,2,12,249.27,8,0,0,1,0,2026-02-28
100193,3,5,746.1,8,1,1,1,0,2026-03-31
100193,4,9,410.12,18,1,1,0,0,2026-04-30
100193,5,8,822.11,7,0,0,1,0,2026-05-31
100193,6,7,824.6,11,0,0,0,1,2026-06-30
100194,1,25,2056.21,9,0,0,0,0,2026-01-31
100194,2,13,1539.85,10,0,0,0,0,2026-02-28
100194,3,10,1418.44,15,1,0,1,0,2026-03-31
100194,4,21,1494.7,7,0,1,0,0,2026-04-30
100194,5,22,2149.38,15,1,0,1,1,2026-05-31
100194,6,10,1320.15,8,1,0,1,1,2026-06-30
100195,1,6,483.94,11,0,1,0,0,2026-01-31
100195,2,7,870.02,14,0,1,1,1,2026-02-28
100195,3,6,692.43,12,1,1,0,0,2026-03-31
100195,4,9,260.65,13,1,1,1,0,2026-04-30
100195,5,11,270.05,9,0,0,1,0,2026-05-31
100195,6,7,538.69,11,1,0,1,1,2026-06-30
100196,1,7,721.06,17,1,1,1,0,2026-01-31
100196,2,6,184.32,10,0,1,0,0,2026-02-28
100196,3,7,916.73,9,0,1,0,0,2026-03-31
100196,4,5,710.09,12,0,0,0,1,2026-04-30
100196,5,7,563.31,4,1,1,1,0,2026-05-31
100196,6,7,785.94,12,0,1,1,0,2026-06-30
100197,1,11,568.52,5,2,1,0,0,2026-01-31
100197,2,7,866.22,9,0,0,1,0,2026-02-28
100197,3,12,1412.04,15,0,0,1,0,2026-03-31
100197,4,9,310.12,8,0,0,0,0,2026-04-30
100197,5,12,652.76,17,0,0,1,1,2026-05-31
100197,6,13,443.36,13,0,0,1,1,2026-06-30
100198,1,19,2596.43,7,1,1,1,0,2026-01-31
100198,2,30,1554.77,9,0,0,1,1,2026-02-28
100198,3,21,507.9,6,1,1,0,1,2026-03-31
100198,4,17,1636.48,14,0,0,0,0,2026-04-30
100198,5,26,3663.49,7,1,1,1,0,2026-05-31
100198,6,13,951.34,5,0,1,1,1,2026-06-30
100199,1,2,134.04,13,1,1,1,0,2026-01-31
100199,2,2,142.24,14,1,0,1,0,2026-02-28
100199,3,1,127.36,9,1,0,1,0,2026-03-31
100199,4,1,58.04,6,0,1,1,0,2026-04-30
100199,5,1,68.25,8,1,0,1,0,2026-05-31
100199,6,1,63.48,18,0,0,0,0,2026-06-30
100200,1,18,668.38,7,1,0,1,0,2026-01-31
100200,2,16,1095.44,7,0,1,0,0,2026-02-28
100200,3,8,444.24,11,0,1,1,0,2026-03-31
100200,4,9,1118.98,18,2,1,1,0,2026-04-30
100200,5,8,772.77,17,0,0,1,0,2026-05-31
100200,6,19,949.67,8,0,1,0,1,2026-06-30
100201,1,9,942.14,12,0,0,1,0,2026-01-31
100201,2,9,768.33,7,0,1,1,0,2026-02-28
100201,3,22,546.83,16,0,0,1,1,2026-03-31
100201,4,9,263.7,7,0,0,1,1,2026-04-30
100201,5,10,465.72,14,1,1,1,0,2026-05-31
100201,6,9,562.45,11,1,0,1,0,2026-06-30
100202,1,11,1191.15,7,0,0,0,0,2026-01-31
100202,2,14,1258.74,11,1,1,0,0,2026-02-28
100202,3,19,818.72,15,0,1,0,1,2026-03-31
100202,4,8,160.34,9,0,0,1,0,2026-04-30
100202,5,12,850.64,13,4,1,1,0,2026-05-31
100202,6,19,1628.18,17,1,0,0,0,2026-06-30
100203,1,18,2255.11,12,1,1,1,0,2026-01-31
100203,2,28,1112.21,13,1,1,1,1,2026-02-28
100203,3,19,440.43,6,0,0,1,0,2026-03-31
100203,4,15,481.15,7,1,0,1,0,2026-04-30
100203,5,30,3551.44,16,0,1,1,0,2026-05-31
100203,6,24,1705.96,14,1,0,1,0,2026-06-30
100204,1,21,2600.39,9,0,1,1,0,2026-01-31
100204,2,19,1631.58,17,1,1,0,1,2026-02-28
100204,3,13,607.64,11,1,0,1,1,2026-03-31
100204,4,31,2549.17,11,0,0,1,0,2026-04-30
100204,5,24,1691.12,15,1,1,1,0,2026-05-31
100204,6,28,3990.55,14,0,0,1,1,2026-06-30
100205,1,20,766.17,12,1,0,1,1,2026-01-31
100205,2,27,4029.16,15,0,1,0,0,2026-02-28
100205,3,18,2642.43,14,0,1,1,0,2026-03-31
100205,4,23,1434.81,18,0,0,1,1,2026-04-30
100205,5,16,2198.27,7,1,1,1,0,2026-05-31
100205,6,20,920.94,12,1,0,1,0,2026-06-30
100206,1,2,227.01,12,2,1,1,0,2026-01-31
100206,2,6,843.66,17,0,0,1,0,2026-02-28
100206,3,4,491.6,14,0,1,1,0,2026-03-31
100206,4,2,123.29,12,0,0,1,0,2026-04-30
100206,5,4,406.92,12,0,1,1,0,2026-05-31
100206,6,6,830.33,13,0,1,0,0,2026-06-30
100207,1,27,2810.48,15,0,0,1,0,2026-01-31
100207,2,24,2810.56,11,0,0,1,0,2026-02-28
100207,3,24,509.66,8,0,1,1,0,2026-03-31
100207,4,26,1786.33,7,0,0,1,0,2026-04-30
100207,5,19,1687.26,9,0,0,0,0,2026-05-31
100207,6,11,1181.35,8,0,0,1,0,2026-06-30
100208,1,14,866.69,14,1,1,1,0,2026-01-31
100208,2,8,414.9,14,0,0,1,0,2026-02-28
100208,3,8,904.07,12,0,1,0,0,2026-03-31
100208,4,9,641.98,10,1,1,1,0,2026-04-30
100208,5,8,860.82,6,1,0,1,0,2026-05-31
100208,6,9,1134.28,6,0,0,1,1,2026-06-30
100209,1,10,713.66,5,0,0,1,1,2026-01-31
100209,2,12,1353.77,12,0,0,1,0,2026-02-28
100209,3,9,1209.33,13,1,0,0,0,2026-03-31
100209,4,9,387.91,19,0,1,1,0,2026-04-30
100209,5,9,1304.7,16,0,0,1,0,2026-05-31
100209,6,13,1296.45,18,0,0,0,0,2026-06-30
100210,1,8,1008.21,16,2,1,0,0,2026-01-31
100210,2,6,262.56,19,2,0,1,0,2026-02-28
100210,3,8,853.31,13,0,0,1,0,2026-03-31
100210,4,7,872.8,13,0,0,1,0,2026-04-30
100210,5,9,651.51,11,0,1,1,0,2026-05-31
100210,6,6,530.2,5,1,1,1,1,2026-06-30
100211,1,8,695.37,8,1,0,0,0,2026-01-31
100211,2,8,1175.65,14,0,0,1,0,2026-02-28
100211,3,12,1599.32,13,0,0,0,0,2026-03-31
100211,4,11,1139.95,13,0,1,1,0,2026-04-30
100211,5,12,659.44,13,1,0,1,0,2026-05-31
100211,6,5,698.5,18,1,0,0,1,2026-06-30
100212,1,6,735.72,13,0,1,0,1,2026-01-31
100212,2,11,1000.03,16,2,0,1,1,2026-02-28
100212,3,7,863.14,10,1,0,0,0,2026-03-31
100212,4,11,564.18,15,1,1,1,0,2026-04-30
100212,5,12,1656.93,9,0,0,1,0,2026-05-31
100212,6,11,738.83,14,2,0,1,0,2026-06-30
100213,1,23,2826.71,24,0,1,1,1,2026-01-31
100213,2,15,1440.58,6,0,0,1,0,2026-02-28
100213,3,10,338.73,13,0,1,0,0,2026-03-31
100213,4,19,2040.46,12,1,1,0,0,2026-04-30
100213,5,10,1275.11,12,1,1,1,0,2026-05-31
100213,6,13,689.64,13,0,1,1,0,2026-06-30
100214,1,6,849.6,13,0,0,1,1,2026-01-31
100214,2,6,168.53,12,0,0,1,1,2026-02-28
100214,3,9,954.05,9,0,0,1,0,2026-03-31
100214,4,5,268.34,16,0,0,1,0,2026-04-30
100214,5,4,532.56,9,1,1,0,1,2026-05-31
100214,6,6,246.94,17,0,1,1,0,2026-06-30
100215,1,30,3917.85,8,1,0,1,0,2026-01-31
100215,2,19,1163.19,14,0,1,1,1,2026-02-28
100215,3,20,2724.11,15,1,1,0,0,2026-03-31
100215,4,14,810.49,14,1,0,1,0,2026-04-30
100215,5,12,1471.34,12,0,0,1,1,2026-05-31
100215,6,21,2693.33,8,0,1,1,0,2026-06-30
100216,1,13,312.57,6,2,0,1,1,2026-01-31
100216,2,11,1381.81,11,0,0,1,0,2026-02-28
100216,3,12,823.39,21,0,0,0,0,2026-03-31
100216,4,23,2835.38,11,2,0,1,0,2026-04-30
100216,5,22,3050.04,18,0,0,0,0,2026-05-31
100216,6,17,524.47,9,0,1,0,0,2026-06-30
100217,1,17,1347.16,18,0,1,1,0,2026-01-31
100217,2,13,1187.2,17,0,0,1,0,2026-02-28
100217,3,9,1022.21,9,2,0,1,0,2026-03-31
100217,4,12,878.34,12,0,0,1,0,2026-04-30
100217,5,10,892.96,12,0,0,1,0,2026-05-31
100217,6,11,1452.73,11,0,1,1,1,2026-06-30
100218,1,15,1324.8,11,0,0,1,0,2026-01-31
100218,2,6,728.56,26,0,0,1,0,2026-02-28
100218,3,15,344.95,20,1,1,1,0,2026-03-31
100218,4,12,737.97,11,0,0,1,0,2026-04-30
100218,5,12,1403.94,8,1,0,0,0,2026-05-31
100218,6,16,1486.98,14,0,0,1,0,2026-06-30
100219,1,3,287.78,16,0,1,1,0,2026-01-31
100219,2,5,360.94,14,0,1,1,0,2026-02-28
100219,3,4,168.4,12,1,1,1,0,2026-03-31
100219,4,4,308.68,15,1,1,1,0,2026-04-30
100219,5,3,169.17,13,0,1,1,1,2026-05-31
100219,6,3,247.18,13,1,0,1,0,2026-06-30
100220,1,25,1264.26,18,1,1,1,1,2026-01-31
100220,2,23,2712.6,8,0,0,1,1,2026-02-28
100220,3,20,1431.53,8,1,0,1,0,2026-03-31
100220,4,28,1575.09,5,0,0,1,0,2026-04-30
100220,5,27,2416.94,19,0,0,1,0,2026-05-31
100220,6,16,1200.2,12,0,0,1,1,2026-06-30
100221,1,11,548.89,6,1,0,0,0,2026-01-31
100221,2,19,1184.35,10,0,0,0,0,2026-02-28
100221,3,10,968.5,16,1,0,1,1,2026-03-31
100221,4,19,2676.24,5,0,1,1,0,2026-04-30
100221,5,18,539.57,12,1,1,1,0,2026-05-31
100221,6,7,636.14,10,1,1,1,0,2026-06-30
100222,1,21,2583.77,16,0,0,1,0,2026-01-31
100222,2,24,1265.24,7,1,1,1,0,2026-02-28
100222,3,21,2063.6,8,1,0,1,0,2026-03-31
100222,4,18,1223.22,9,0,1,0,0,2026-04-30
100222,5,11,1418.91,13,0,0,1,0,2026-05-31
100222,6,11,899.46,11,0,1,1,0,2026-06-30
100223,1,16,2297.42,12,0,0,1,0,2026-01-31
100223,2,11,918.57,12,0,0,0,1,2026-02-28
100223,3,9,1022.15,8,1,1,1,1,2026-03-31
100223,4,9,1249.65,7,0,0,1,0,2026-04-30
100223,5,19,2139.61,9,0,1,1,1,2026-05-31
100223,6,18,2171.17,10,0,1,1,1,2026-06-30
100224,1,28,926.93,10,0,1,0,1,2026-01-31
100224,2,14,542.54,14,0,0,1,0,2026-02-28
100224,3,19,2058.23,10,0,0,1,1,2026-03-31
100224,4,18,467.72,14,0,1,1,0,2026-04-30
100224,5,19,670.88,13,0,0,1,1,2026-05-31
100224,6,18,1753.03,8,2,0,1,0,2026-06-30
100225,1,10,222.9,10,0,1,1,0,2026-01-31
100225,2,15,2139.68,9,0,1,1,0,2026-02-28
100225,3,12,1564.03,8,0,0,1,0,2026-03-31
100225,4,10,757.24,7,1,0,1,0,2026-04-30
100225,5,14,1638.48,18,0,1,1,0,2026-05-31
100225,6,10,912.03,12,0,1,1,0,2026-06-30
100226,1,13,335.74,26,1,0,1,0,2026-01-31
100226,2,13,752.18,15,0,0,1,0,2026-02-28
100226,3,18,2159.26,12,1,1,1,0,2026-03-31
100226,4,9,625.52,23,0,0,1,0,2026-04-30
100226,5,8,794.2,10,0,1,1,1,2026-05-31
100226,6,8,1138.59,14,1,0,1,1,2026-06-30
100227,1,22,811.49,19,0,1,0,0,2026-01-31
100227,2,18,1806.17,12,0,0,1,0,2026-02-28
100227,3,25,2227.27,8,0,0,1,0,2026-03-31
100227,4,27,1948.32,7,0,0,0,0,2026-04-30
100227,5,15,1352.07,11,0,1,1,0,2026-05-31
100227,6,25,2521.03,17,1,0,1,0,2026-06-30
100228,1,8,655.02,21,1,1,1,0,2026-01-31
100228,2,19,744.89,19,0,1,0,0,2026-02-28
100228,3,12,930.86,16,0,1,1,0,2026-03-31
100228,4,16,2216.49,14,0,0,1,1,2026-04-30
100228,5,14,512.61,11,0,1,1,0,2026-05-31
100228,6,8,763.4,5,0,0,1,0,2026-06-30
100229,1,14,2090.81,14,0,0,1,0,2026-01-31
100229,2,14,1871.18,14,1,0,1,0,2026-02-28
100229,3,10,1018.43,13,0,0,0,0,2026-03-31
100229,4,10,1213.8,16,1,0,0,0,2026-04-30
100229,5,8,464.53,20,0,1,0,0,2026-05-31
100229,6,10,1058.24,15,0,0,1,0,2026-06-30
100230,1,7,650.19,18,0,1,1,1,2026-01-31
100230,2,9,231.84,11,0,1,1,0,2026-02-28
100230,3,4,378.12,12,0,0,0,0,2026-03-31
100230,4,8,1024.99,11,1,1,1,0,2026-04-30
100230,5,7,814.39,8,0,0,1,0,2026-05-31
100230,6,3,97.79,6,1,1,1,0,2026-06-30
100231,1,12,877.13,10,0,0,1,0,2026-01-31
100231,2,10,738.7,15,0,0,0,1,2026-02-28
100231,3,11,345.41,16,0,1,0,0,2026-03-31
100231,4,20,1571.79,10,0,0,0,0,2026-04-30
100231,5,18,1848.56,11,2,1,1,0,2026-05-31
100231,6,11,1210.2,11,0,0,1,0,2026-06-30
100232,1,16,1370.73,18,1,0,0,0,2026-01-31
100232,2,17,479.52,9,0,0,1,0,2026-02-28
100232,3,11,370.42,8,1,1,1,1,2026-03-31
100232,4,9,1337.18,16,0,0,1,1,2026-04-30
100232,5,13,899.42,15,1,0,0,0,2026-05-31
100232,6,12,418.99,12,1,1,1,1,2026-06-30
100233,1,24,3104.59,11,5,1,0,1,2026-01-31
100233,2,18,559.29,14,0,0,1,0,2026-02-28
100233,3,11,1565.27,15,0,1,1,0,2026-03-31
100233,4,14,560.03,11,0,0,1,0,2026-04-30
100233,5,14,566.04,12,1,0,1,0,2026-05-31
100233,6,14,513.24,12,0,1,1,0,2026-06-30
100234,1,17,2288.98,15,0,0,0,0,2026-01-31
100234,2,16,627.66,14,2,0,1,0,2026-02-28
100234,3,10,1153.31,12,0,0,1,0,2026-03-31
100234,4,12,960.69,14,0,0,1,0,2026-04-30
100234,5,10,798.96,14,0,0,1,0,2026-05-31
100234,6,7,341.17,10,0,0,0,0,2026-06-30
100235,1,12,1790.91,12,0,0,1,0,2026-01-31
100235,2,9,1001.47,13,0,0,0,0,2026-02-28
100235,3,18,2140.76,10,0,1,1,0,2026-03-31
100235,4,14,466.39,11,1,1,1,1,2026-04-30
100235,5,10,985.93,14,0,1,1,0,2026-05-31
100235,6,15,1516.86,14,0,1,0,1,2026-06-30
100236,1,15,576.61,12,2,1,0,0,2026-01-31
100236,2,16,2319.14,14,2,1,1,0,2026-02-28
100236,3,16,510.43,9,0,1,1,0,2026-03-31
100236,4,18,1201.85,13,0,0,1,1,2026-04-30
100236,5,21,1678.21,19,1,0,1,1,2026-05-31
100236,6,20,2477.01,21,0,0,1,0,2026-06-30
100237,1,23,2302.44,16,0,0,0,0,2026-01-31
100237,2,18,1129.53,19,0,0,0,0,2026-02-28
100237,3,18,1050.13,6,0,0,1,1,2026-03-31
100237,4,22,2230.05,12,0,1,0,0,2026-04-30
100237,5,14,1637.32,13,1,1,1,0,2026-05-31
100237,6,21,2849.97,20,0,0,0,1,2026-06-30
100238,1,19,1911.97,13,0,0,1,0,2026-01-31
100238,2,11,371.79,13,1,1,0,1,2026-02-28
100238,3,20,2070.86,16,1,1,1,0,2026-03-31
100238,4,21,1101.54,25,0,1,0,0,2026-04-30
100238,5,16,2363.1,26,0,0,1,0,2026-05-31
100238,6,10,1468.92,9,0,0,1,0,2026-06-30
100239,1,4,443.47,6,0,1,1,1,2026-01-31
100239,2,5,327.6,22,0,0,1,0,2026-02-28
100239,3,4,426.98,14,0,0,1,1,2026-03-31
100239,4,4,87.27,11,0,0,0,0,2026-04-30
100239,5,5,419.45,14,1,0,1,0,2026-05-31
100239,6,3,197.96,14,0,0,0,0,2026-06-30
100240,1,25,2843.1,18,0,1,1,1,2026-01-31
100240,2,12,1359.81,15,1,1,1,1,2026-02-28
100240,3,23,881.73,10,0,0,1,0,2026-03-31
100240,4,20,1703.89,7,2,0,1,0,2026-04-30
100240,5,27,1032.34,6,0,1,1,1,2026-05-31
100240,6,12,594.83,7,1,0,1,0,2026-06-30
100241,1,2,149.07,8,0,1,1,1,2026-01-31
100241,2,3,187.84,12,1,1,1,0,2026-02-28
100241,3,3,256.97,5,2,1,1,0,2026-03-31
100241,4,2,278.19,11,0,0,1,0,2026-04-30
100241,5,2,83.35,10,2,0,0,0,2026-05-31
100241,6,3,74.32,7,1,1,1,0,2026-06-30
100242,1,11,877.24,9,0,0,1,1,2026-01-31
100242,2,8,194.04,14,3,1,1,0,2026-02-28
100242,3,9,518.68,16,0,0,0,0,2026-03-31
100242,4,10,456.88,7,0,0,0,0,2026-04-30
100242,5,17,862.45,8,0,0,0,0,2026-05-31
100242,6,16,885.3,19,0,0,1,0,2026-06-30
100243,1,7,927.49,10,0,1,1,0,2026-01-31
100243,2,6,280.81,14,0,0,1,0,2026-02-28
100243,3,7,309.59,11,0,0,1,1,2026-03-31
100243,4,12,1306.15,11,0,0,0,0,2026-04-30
100243,5,6,217.59,16,1,1,1,1,2026-05-31
100243,6,5,252.34,10,0,0,1,0,2026-06-30
100244,1,22,2501.73,14,0,0,1,1,2026-01-31
100244,2,19,2417.59,9,0,1,1,1,2026-02-28
100244,3,25,3737.49,21,0,0,0,0,2026-03-31
100244,4,18,536.91,16,0,1,0,0,2026-04-30
100244,5,11,330.15,9,0,1,0,0,2026-05-31
100244,6,15,1040.82,14,1,1,0,0,2026-06-30
100245,1,17,1962.39,13,1,0,1,0,2026-01-31
100245,2,29,3551.3,13,0,0,1,0,2026-02-28
100245,3,13,1121.48,11,0,1,1,0,2026-03-31
100245,4,30,2700.81,10,0,0,1,0,2026-04-30
100245,5,25,3549.57,8,0,0,1,0,2026-05-31
100245,6,20,2813.18,9,0,1,1,0,2026-06-30
100246,1,11,254.91,11,1,0,1,0,2026-01-31
100246,2,13,335.81,14,0,1,0,0,2026-02-28
100246,3,15,2195.1,12,0,1,1,0,2026-03-31
100246,4,10,1245.58,16,1,1,1,1,2026-04-30
100246,5,10,486.32,19,0,0,0,0,2026-05-31
100246,6,20,1157.81,17,0,0,0,0,2026-06-30
100247,1,11,499.72,12,1,0,0,0,2026-01-31
100247,2,11,928.62,7,0,0,1,0,2026-02-28
100247,3,5,313.33,14,0,0,1,1,2026-03-31
100247,4,10,791.28,11,0,0,1,0,2026-04-30
100247,5,7,823.47,13,1,0,1,0,2026-05-31
100247,6,7,1048.09,14,0,0,1,0,2026-06-30
100248,1,7,818.68,10,1,1,1,0,2026-01-31
100248,2,10,860.05,12,0,0,1,0,2026-02-28
100248,3,10,889.99,7,0,0,1,0,2026-03-31
100248,4,9,463.85,14,2,1,1,0,2026-04-30
100248,5,7,687.0,13,0,1,0,0,2026-05-31
100248,6,9,879.29,9,0,0,1,1,2026-06-30
100249,1,9,230.01,13,0,1,1,0,2026-01-31
100249,2,18,1451.88,10,0,0,1,0,2026-02-28
100249,3,10,806.13,5,0,0,1,0,2026-03-31
100249,4,12,1332.61,9,1,0,1,0,2026-04-30
100249,5,16,1262.98,11,0,1,1,0,2026-05-31
100249,6,16,1669.5,15,0,0,1,0,2026-06-30
100250,1,28,3934.06,9,0,0,1,0,2026-01-31
100250,2,12,1633.62,8,0,0,1,1,2026-02-28
100250,3,25,1159.65,8,0,0,0,0,2026-03-31
100250,4,11,1089.97,17,0,0,0,1,2026-04-30
100250,5,18,2245.07,11,0,0,1,0,2026-05-31
100250,6,17,2399.82,18,0,1,1,0,2026-06-30
100251,1,12,1626.14,17,1,0,1,0,2026-01-31
100251,2,10,597.8,8,0,0,0,0,2026-02-28
100251,3,23,3314.71,17,0,0,1,0,2026-03-31
100251,4,21,644.9,10,0,0,1,0,2026-04-30
100251,5,10,1430.4,17,0,0,0,0,2026-05-31
100251,6,19,2481.51,3,1,1,0,0,2026-06-30
100252,1,9,252.8,9,1,0,0,1,2026-01-31
100252,2,11,727.37,15,0,1,1,1,2026-02-28
100252,3,19,1044.81,11,1,1,0,0,2026-03-31
100252,4,9,287.6,12,0,0,1,0,2026-04-30
100252,5,14,2014.1,14,3,0,1,0,2026-05-31
100252,6,16,2198.19,11,0,0,1,1,2026-06-30
100253,1,15,962.16,15,0,1,1,0,2026-01-31
100253,2,11,924.51,21,0,0,1,0,2026-02-28
100253,3,12,780.76,13,1,1,1,0,2026-03-31
100253,4,10,376.68,9,2,0,1,0,2026-04-30
100253,5,15,1612.28,11,0,0,1,0,2026-05-31
100253,6,11,1255.65,12,1,0,0,0,2026-06-30
100254,1,8,755.37,8,1,0,1,0,2026-01-31
100254,2,8,1116.69,9,0,0,1,0,2026-02-28
100254,3,6,658.92,15,0,1,1,0,2026-03-31
100254,4,7,359.51,8,0,0,1,0,2026-04-30
100254,5,8,934.54,13,0,0,1,1,2026-05-31
100254,6,5,688.75,11,0,0,1,0,2026-06-30
100255,1,7,748.21,8,0,0,1,0,2026-01-31
100255,2,7,872.27,9,0,1,1,0,2026-02-28
100255,3,8,798.14,13,0,0,1,1,2026-03-31
100255,4,5,305.27,9,0,1,1,0,2026-04-30
100255,5,7,873.41,20,0,0,1,1,2026-05-31
100255,6,7,852.54,15,0,0,1,0,2026-06-30
100256,1,13,1933.65,12,1,0,1,1,2026-01-31
100256,2,16,934.03,15,1,0,0,1,2026-02-28
100256,3,13,1827.07,10,0,0,0,0,2026-03-31
100256,4,9,1238.75,10,2,0,0,0,2026-04-30
100256,5,16,1398.27,14,1,1,1,1,2026-05-31
100256,6,10,1051.31,8,1,0,0,0,2026-06-30
100257,1,9,876.79,10,1,1,1,0,2026-01-31
100257,2,4,366.61,16,1,0,1,1,2026-02-28
100257,3,8,454.25,8,2,1,1,0,2026-03-31
100257,4,11,654.56,10,0,0,1,0,2026-04-30
100257,5,7,533.05,13,0,1,1,0,2026-05-31
100257,6,6,401.69,5,0,0,0,0,2026-06-30
100258,1,15,1935.76,16,1,0,1,1,2026-01-31
100258,2,18,2012.93,8,0,0,1,0,2026-02-28
100258,3,21,3008.48,13,1,0,0,0,2026-03-31
100258,4,17,432.86,7,1,0,1,0,2026-04-30
100258,5,13,1393.17,11,0,0,1,0,2026-05-31
100258,6,11,734.07,7,0,0,1,1,2026-06-30
100259,1,13,841.18,15,0,0,0,0,2026-01-31
100259,2,14,2050.63,5,0,0,1,0,2026-02-28
100259,3,11,914.95,13,0,0,1,0,2026-03-31
100259,4,21,3134.79,15,0,1,0,0,2026-04-30
100259,5,15,1801.74,11,0,0,1,0,2026-05-31
100259,6,23,2375.67,5,2,0,1,0,2026-06-30
100260,1,7,862.51,14,0,0,1,0,2026-01-31
100260,2,4,86.77,20,1,0,0,1,2026-02-28
100260,3,5,318.48,11,0,0,0,1,2026-03-31
100260,4,9,549.25,19,1,0,0,0,2026-04-30
100260,5,6,510.52,17,0,0,0,0,2026-05-31
100260,6,6,508.91,17,0,0,0,1,2026-06-30
100261,1,28,2745.99,7,0,0,0,0,2026-01-31
100261,2,18,383.81,15,0,0,0,1,2026-02-28
100261,3,14,1166.03,11,0,0,1,1,2026-03-31
100261,4,15,1015.9,6,0,0,1,1,2026-04-30
100261,5,22,1390.29,19,0,1,0,0,2026-05-31
100261,6,29,1820.72,16,2,0,0,0,2026-06-30
100262,1,15,488.6,9,1,1,1,1,2026-01-31
100262,2,11,274.72,19,1,1,1,0,2026-02-28
100262,3,14,889.47,12,0,0,0,0,2026-03-31
100262,4,18,2598.97,9,0,1,1,0,2026-04-30
100262,5,18,1543.65,12,0,0,1,0,2026-05-31
100262,6,9,1165.87,15,1,1,1,0,2026-06-30
100263,1,14,1193.76,16,1,1,1,0,2026-01-31
100263,2,22,1942.09,16,1,0,0,0,2026-02-28
100263,3,22,447.87,10,0,0,0,0,2026-03-31
100263,4,27,2334.87,11,2,1,0,0,2026-04-30
100263,5,19,1206.2,13,0,1,1,1,2026-05-31
100263,6,29,4125.8,11,0,0,1,0,2026-06-30
100264,1,16,2185.11,16,0,0,1,0,2026-01-31
100264,2,10,1411.98,16,0,1,0,0,2026-02-28
100264,3,16,403.7,15,1,1,1,0,2026-03-31
100264,4,15,506.45,14,0,1,1,0,2026-04-30
100264,5,12,588.44,19,0,1,0,0,2026-05-31
100264,6,7,184.13,7,0,1,0,0,2026-06-30
100265,1,26,1438.61,12,0,1,0,0,2026-01-31
100265,2,24,2102.6,14,1,1,1,1,2026-02-28
100265,3,18,2035.34,13,1,0,0,0,2026-03-31
100265,4,19,632.25,13,2,1,0,0,2026-04-30
100265,5,28,2552.61,13,0,1,1,0,2026-05-31
100265,6,15,1905.97,10,1,1,1,0,2026-06-30
100266,1,7,205.46,12,0,1,1,1,2026-01-31
100266,2,4,87.7,14,0,0,1,0,2026-02-28
100266,3,6,549.75,17,0,0,1,0,2026-03-31
100266,4,5,489.03,14,0,1,1,0,2026-04-30
100266,5,3,88.32,6,0,1,1,0,2026-05-31
100266,6,8,1064.82,13,0,0,1,1,2026-06-30
100267,1,10,1092.79,6,0,1,1,0,2026-01-31
100267,2,5,104.19,12,2,0,1,0,2026-02-28
100267,3,6,878.3,9,1,0,1,0,2026-03-31
100267,4,10,711.57,27,1,1,1,0,2026-04-30
100267,5,9,838.15,7,1,1,1,0,2026-05-31
100267,6,6,795.56,20,0,0,0,0,2026-06-30
100268,1,11,1421.06,4,0,1,1,0,2026-01-31
100268,2,16,1488.32,18,0,0,1,1,2026-02-28
100268,3,18,858.97,8,0,1,0,1,2026-03-31
100268,4,22,1304.21,19,0,1,1,0,2026-04-30
100268,5,11,1145.95,6,1,0,1,0,2026-05-31
100268,6,14,1005.86,14,0,0,0,1,2026-06-30
100269,1,2,179.87,9,1,1,0,0,2026-01-31
100269,2,3,133.05,14,0,0,1,0,2026-02-28
100269,3,2,111.82,15,0,1,0,0,2026-03-31
100269,4,2,106.82,14,0,1,1,0,2026-04-30
100269,5,3,229.15,11,1,0,0,0,2026-05-31
100269,6,2,286.44,16,1,1,0,0,2026-06-30
100270,1,15,1088.39,6,0,0,1,0,2026-01-31
100270,2,11,652.51,18,0,1,0,0,2026-02-28
100270,3,8,314.97,13,1,0,1,0,2026-03-31
100270,4,10,638.15,10,1,0,1,0,2026-04-30
100270,5,8,935.03,20,1,0,1,0,2026-05-31
100270,6,14,287.95,9,0,1,0,1,2026-06-30
100271,1,7,911.65,14,0,0,1,1,2026-01-31
100271,2,17,1960.54,14,0,1,0,0,2026-02-28
100271,3,11,247.79,11,1,0,1,0,2026-03-31
100271,4,16,942.62,11,0,0,0,0,2026-04-30
100271,5,12,708.69,14,1,1,1,0,2026-05-31
100271,6,8,821.05,16,0,1,1,0,2026-06-30
100272,1,3,312.97,17,0,0,1,0,2026-01-31
100272,2,4,182.93,12,0,1,1,1,2026-02-28
100272,3,4,147.69,17,0,0,0,0,2026-03-31
100272,4,4,392.18,8,0,1,1,1,2026-04-30
100272,5,3,103.03,7,1,1,1,0,2026-05-31
100272,6,3,418.32,8,2,1,1,0,2026-06-30
100273,1,7,820.68,8,0,1,1,1,2026-01-31
100273,2,8,649.21,12,1,0,1,0,2026-02-28
100273,3,4,407.87,14,0,0,1,0,2026-03-31
100273,4,9,1227.71,20,0,0,0,0,2026-04-30
100273,5,10,606.79,14,0,0,1,0,2026-05-31
100273,6,5,226.1,16,0,1,0,0,2026-06-30
100274,1,13,717.71,3,1,0,1,0,2026-01-31
100274,2,30,3904.33,7,0,0,0,0,2026-02-28
100274,3,14,901.85,11,1,0,0,0,2026-03-31
100274,4,24,3037.5,12,1,0,0,0,2026-04-30
100274,5,16,1108.07,16,1,1,1,0,2026-05-31
100274,6,20,1569.31,13,0,1,1,0,2026-06-30
100275,1,7,164.79,9,0,1,1,0,2026-01-31
100275,2,7,377.17,5,1,0,0,0,2026-02-28
100275,3,12,794.18,16,0,0,0,0,2026-03-31
100275,4,11,237.32,8,0,1,0,1,2026-04-30
100275,5,14,1295.82,13,0,1,1,0,2026-05-31
100275,6,15,2062.31,15,0,0,1,1,2026-06-30
100276,1,1,39.16,3,0,0,1,0,2026-01-31
100276,2,2,285.56,6,1,0,1,0,2026-02-28
100276,3,2,242.27,19,0,0,1,1,2026-03-31
100276,4,1,58.43,19,0,0,1,0,2026-04-30
100276,5,1,99.68,6,0,0,1,0,2026-05-31
100276,6,2,280.88,7,0,0,1,0,2026-06-30
100277,1,6,652.06,25,0,0,0,0,2026-01-31
100277,2,7,537.08,18,1,0,1,0,2026-02-28
100277,3,11,528.08,15,0,0,1,0,2026-03-31
100277,4,13,1250.81,11,1,0,0,0,2026-04-30
100277,5,8,905.04,19,0,0,0,1,2026-05-31
100277,6,7,882.98,13,0,1,1,0,2026-06-30
100278,1,14,1748.4,16,1,0,1,1,2026-01-31
100278,2,18,1863.12,12,1,0,1,0,2026-02-28
100278,3,14,811.4,23,0,1,1,0,2026-03-31
100278,4,11,717.7,10,0,1,1,0,2026-04-30
100278,5,18,2011.03,13,0,1,1,0,2026-05-31
100278,6,12,998.14,12,0,0,0,1,2026-06-30
100279,1,11,1260.51,6,1,0,1,1,2026-01-31
100279,2,11,1059.39,10,1,0,0,1,2026-02-28
100279,3,16,655.32,14,0,1,1,0,2026-03-31
100279,4,11,1433.03,15,0,0,1,0,2026-04-30
100279,5,11,1522.04,12,1,0,0,0,2026-05-31
100279,6,12,1192.88,12,1,1,1,0,2026-06-30
100280,1,11,465.15,17,3,0,0,1,2026-01-31
100280,2,13,285.64,9,1,0,0,0,2026-02-28
100280,3,9,619.57,9,0,1,0,0,2026-03-31
100280,4,8,325.53,27,0,1,0,0,2026-04-30
100280,5,11,1244.67,15,0,0,1,0,2026-05-31
100280,6,6,501.34,9,0,0,1,0,2026-06-30
100281,1,6,252.44,16,1,0,1,0,2026-01-31
100281,2,6,660.2,7,0,0,1,0,2026-02-28
100281,3,6,633.13,10,1,1,1,0,2026-03-31
100281,4,2,204.12,9,0,0,1,0,2026-04-30
100281,5,6,235.51,17,1,1,0,0,2026-05-31
100281,6,3,287.28,20,1,1,1,0,2026-06-30
100282,1,19,2477.43,9,1,1,0,0,2026-01-31
100282,2,10,1421.98,19,0,1,1,0,2026-02-28
100282,3,16,1184.93,15,2,1,1,0,2026-03-31
100282,4,20,1695.24,8,1,0,0,0,2026-04-30
100282,5,22,2293.79,13,0,1,1,0,2026-05-31
100282,6,15,1572.29,8,2,0,0,1,2026-06-30
100283,1,18,2499.87,14,0,1,1,0,2026-01-31
100283,2,18,1389.87,12,2,0,1,0,2026-02-28
100283,3,36,3264.88,11,1,0,1,0,2026-03-31
100283,4,37,792.46,6,1,0,1,0,2026-04-30
100283,5,20,1183.03,9,1,0,1,0,2026-05-31
100283,6,37,3837.61,4,0,0,1,0,2026-06-30
100284,1,20,2285.58,14,0,0,1,0,2026-01-31
100284,2,20,1011.8,18,2,1,1,0,2026-02-28
100284,3,19,1869.52,13,0,1,1,0,2026-03-31
100284,4,13,1604.52,17,0,1,1,0,2026-04-30
100284,5,17,2067.84,12,0,0,0,0,2026-05-31
100284,6,17,1922.39,16,0,1,1,0,2026-06-30
100285,1,12,937.56,12,0,1,1,1,2026-01-31
100285,2,10,226.62,12,1,1,0,0,2026-02-28
100285,3,11,274.84,7,0,1,1,0,2026-03-31
100285,4,9,1079.51,11,0,1,0,0,2026-04-30
100285,5,9,858.41,14,2,1,1,0,2026-05-31
100285,6,9,1012.0,10,0,0,0,0,2026-06-30
100286,1,7,1036.8,14,1,0,1,0,2026-01-31
100286,2,6,284.71,6,0,0,0,0,2026-02-28
100286,3,3,141.57,6,1,1,1,1,2026-03-31
100286,4,4,471.99,11,2,0,1,0,2026-04-30
100286,5,5,281.57,11,1,0,1,0,2026-05-31
100286,6,7,1047.46,20,1,1,1,0,2026-06-30
100287,1,23,1555.99,6,0,0,1,0,2026-01-31
100287,2,23,2188.7,11,1,0,1,0,2026-02-28
100287,3,21,845.7,8,0,0,1,0,2026-03-31
100287,4,29,3111.66,16,0,1,0,1,2026-04-30
100287,5,28,4002.68,13,0,0,0,0,2026-05-31
100287,6,29,3983.8,11,1,0,1,0,2026-06-30
100288,1,16,2305.35,20,1,0,0,1,2026-01-31
100288,2,14,296.49,12,1,1,0,0,2026-02-28
100288,3,15,866.79,13,0,0,1,0,2026-03-31
100288,4,17,1381.06,13,0,1,1,0,2026-04-30
100288,5,8,358.21,18,2,1,1,0,2026-05-31
100288,6,15,1692.09,8,0,0,1,0,2026-06-30
100289,1,20,2548.36,17,1,1,1,0,2026-01-31
100289,2,15,1782.53,8,1,1,0,0,2026-02-28
100289,3,17,1085.47,14,0,1,0,0,2026-03-31
100289,4,22,2812.26,8,0,0,1,0,2026-04-30
100289,5,21,1777.8,7,1,1,1,0,2026-05-31
100289,6,12,876.5,11,0,0,0,0,2026-06-30
100290,1,18,1264.36,14,0,0,1,0,2026-01-31
100290,2,8,476.13,18,1,0,0,0,2026-02-28
100290,3,10,726.23,16,0,1,0,1,2026-03-31
100290,4,11,1234.7,17,1,0,0,0,2026-04-30
100290,5,8,577.28,10,0,0,1,0,2026-05-31
100290,6,18,2381.92,11,0,0,1,0,2026-06-30
100291,1,12,916.49,9,0,0,1,0,2026-01-31
100291,2,9,267.96,18,0,1,0,0,2026-02-28
100291,3,11,1423.97,10,0,0,0,0,2026-03-31
100291,4,7,672.86,9,1,0,1,0,2026-04-30
100291,5,10,634.74,6,0,0,0,0,2026-05-31
100291,6,11,779.42,14,1,0,0,0,2026-06-30
100292,1,10,1371.71,8,0,1,0,0,2026-01-31
100292,2,13,866.87,11,0,0,1,0,2026-02-28
100292,3,9,915.01,20,0,0,0,0,2026-03-31
100292,4,7,905.08,16,0,0,0,1,2026-04-30
100292,5,11,537.14,14,0,0,0,1,2026-05-31
100292,6,11,907.64,9,1,1,1,1,2026-06-30
100293,1,16,885.01,12,0,1,1,0,2026-01-31
100293,2,12,492.69,4,0,1,1,0,2026-02-28
100293,3,9,646.89,12,1,0,1,0,2026-03-31
100293,4,12,823.45,13,0,0,1,0,2026-04-30
100293,5,9,441.81,15,0,0,1,0,2026-05-31
100293,6,12,817.3,13,1,1,1,0,2026-06-30
100294,1,17,1052.97,16,1,0,1,0,2026-01-31
100294,2,18,620.82,8,0,0,1,0,2026-02-28
100294,3,17,1469.51,6,0,0,1,1,2026-03-31
100294,4,9,1234.93,8,1,1,1,0,2026-04-30
100294,5,17,2374.72,13,0,0,1,0,2026-05-31
100294,6,10,1459.4,9,0,0,0,0,2026-06-30
100295,1,10,368.46,14,0,1,0,0,2026-01-31
100295,2,6,399.59,8,0,1,0,0,2026-02-28
100295,3,5,247.35,21,0,0,1,0,2026-03-31
100295,4,5,745.86,8,3,0,0,0,2026-04-30
100295,5,6,720.34,13,0,1,1,0,2026-05-31
100295,6,6,386.7,22,1,1,1,0,2026-06-30
100296,1,15,1841.72,21,0,0,1,1,2026-01-31
100296,2,16,1897.77,8,2,0,1,1,2026-02-28
100296,3,12,327.71,19,1,0,0,1,2026-03-31
100296,4,13,330.86,10,1,0,1,0,2026-04-30
100296,5,9,865.48,19,0,0,1,0,2026-05-31
100296,6,19,2254.53,22,1,1,1,1,2026-06-30
100297,1,9,763.73,10,0,0,1,0,2026-01-31
100297,2,12,243.25,10,0,1,1,0,2026-02-28
100297,3,14,1503.54,10,2,1,1,0,2026-03-31
100297,4,7,330.36,14,0,0,0,1,2026-04-30
100297,5,9,1249.28,9,0,0,1,1,2026-05-31
100297,6,10,1418.93,13,0,0,1,1,2026-06-30
100298,1,11,1080.34,5,1,0,0,0,2026-01-31
100298,2,13,988.79,9,1,0,1,0,2026-02-28
100298,3,13,1890.85,13,0,0,1,1,2026-03-31
100298,4,9,1326.72,9,0,0,1,0,2026-04-30
100298,5,15,1606.71,9,0,1,1,0,2026-05-31
100298,6,11,955.08,12,1,0,1,0,2026-06-30
100299,1,10,572.76,16,2,0,1,0,2026-01-31
100299,2,6,490.59,12,1,1,0,0,2026-02-28
100299,3,15,467.16,11,0,1,1,0,2026-03-31
100299,4,9,266.62,10,0,0,0,0,2026-04-30
100299,5,13,1871.87,14,0,0,1,0,2026-05-31
100299,6,7,307.89,8,0,0,1,0,2026-06-30
100300,1,20,1012.42,12,0,0,1,0,2026-01-31
100300,2,18,2049.11,11,0,1,1,0,2026-02-28
100300,3,12,717.03,11,0,0,1,0,2026-03-31
100300,4,12,1044.94,15,1,0,1,1,2026-04-30
100300,5,12,1405.08,19,1,1,0,1,2026-05-31
100300,6,13,373.61,4,0,0,1,1,2026-06-30
100301,1,10,1292.15,13,0,1,0,0,2026-01-31
100301,2,18,685.1,22,0,0,0,0,2026-02-28
100301,3,12,1474.19,6,0,0,1,1,2026-03-31
100301,4,21,1628.72,15,1,1,1,0,2026-04-30
100301,5,15,1994.7,9,0,1,1,0,2026-05-31
100301,6,24,2636.2,10,0,0,1,0,2026-06-30
100302,1,27,3622.69,8,0,1,1,0,2026-01-31
100302,2,14,722.91,5,0,0,1,0,2026-02-28
100302,3,15,1855.69,15,0,1,1,0,2026-03-31
100302,4,22,3035.47,19,0,0,1,0,2026-04-30
100302,5,13,1368.0,13,0,0,0,0,2026-05-31
100302,6,14,355.0,14,0,0,0,0,2026-06-30
100303,1,19,2201.59,10,0,1,1,0,2026-01-31
100303,2,16,1170.78,9,2,1,1,0,2026-02-28
100303,3,14,1110.04,20,0,1,1,0,2026-03-31
100303,4,20,1420.51,17,0,1,1,0,2026-04-30
100303,5,32,4622.47,5,0,1,1,0,2026-05-31
100303,6,33,2942.15,10,0,0,1,0,2026-06-30
100304,1,7,196.24,17,1,1,1,0,2026-01-31
100304,2,8,682.99,10,0,1,1,0,2026-02-28
100304,3,4,469.35,6,1,1,1,0,2026-03-31
100304,4,4,314.79,18,1,0,1,0,2026-04-30
100304,5,3,297.03,11,0,1,1,0,2026-05-31
100304,6,8,470.04,11,0,1,1,1,2026-06-30
100305,1,12,1164.74,16,1,0,1,0,2026-01-31
100305,2,14,357.43,8,1,1,0,0,2026-02-28
100305,3,6,543.91,16,0,0,0,0,2026-03-31
100305,4,14,1810.96,14,0,0,0,0,2026-04-30
100305,5,13,1157.91,9,0,0,0,0,2026-05-31
100305,6,9,1219.46,14,2,1,1,1,2026-06-30
100306,1,20,2178.71,5,2,1,1,0,2026-01-31
100306,2,17,1247.75,15,0,0,1,0,2026-02-28
100306,3,24,1907.61,18,0,1,1,0,2026-03-31
100306,4,12,915.82,14,0,0,1,0,2026-04-30
100306,5,19,533.52,10,0,0,1,0,2026-05-31
100306,6,12,1205.82,10,0,0,1,1,2026-06-30
100307,1,24,1149.7,10,0,1,1,0,2026-01-31
100307,2,16,1174.94,20,0,1,1,0,2026-02-28
100307,3,17,2054.42,15,0,0,1,0,2026-03-31
100307,4,30,1719.71,14,0,1,1,0,2026-04-30
100307,5,25,1061.38,11,0,0,1,0,2026-05-31
100307,6,13,1239.8,14,1,1,1,0,2026-06-30
100308,1,22,2669.17,21,1,0,1,0,2026-01-31
100308,2,12,925.2,12,1,1,1,0,2026-02-28
100308,3,19,2709.48,13,0,0,1,0,2026-03-31
100308,4,10,722.72,5,0,0,1,0,2026-04-30
100308,5,15,611.8,12,0,0,1,0,2026-05-31
100308,6,21,2136.73,11,1,0,1,0,2026-06-30
100309,1,10,1317.31,17,0,0,1,0,2026-01-31
100309,2,9,1313.9,15,1,1,0,0,2026-02-28
100309,3,7,871.1,16,0,0,1,0,2026-03-31
100309,4,8,663.05,20,3,0,1,0,2026-04-30
100309,5,17,1361.23,15,0,0,1,0,2026-05-31
100309,6,8,955.13,14,1,1,1,0,2026-06-30
100310,1,14,1681.91,11,0,0,1,1,2026-01-31
100310,2,25,2405.68,13,1,0,0,1,2026-02-28
100310,3,19,544.12,8,0,0,0,0,2026-03-31
100310,4,30,1779.23,11,0,0,1,1,2026-04-30
100310,5,35,2763.59,12,1,0,1,0,2026-05-31
100310,6,29,2786.41,5,1,0,1,0,2026-06-30
100311,1,5,220.35,4,0,0,1,1,2026-01-31
100311,2,7,231.41,8,0,0,1,0,2026-02-28
100311,3,4,594.89,6,0,1,1,1,2026-03-31
100311,4,5,383.3,14,1,0,1,0,2026-04-30
100311,5,4,302.29,14,1,1,0,0,2026-05-31
100311,6,4,243.29,16,0,0,1,0,2026-06-30
100312,1,9,834.11,5,0,0,1,0,2026-01-31
100312,2,20,507.06,10,0,0,1,1,2026-02-28
100312,3,9,780.55,10,0,1,1,0,2026-03-31
100312,4,8,953.34,23,0,0,1,0,2026-04-30
100312,5,17,783.44,8,1,1,1,0,2026-05-31
100312,6,15,593.93,11,1,0,1,0,2026-06-30
100313,1,19,1300.04,12,0,0,1,0,2026-01-31
100313,2,18,1066.29,11,0,1,1,0,2026-02-28
100313,3,18,2396.63,17,0,1,1,1,2026-03-31
100313,4,14,720.7,17,0,1,1,0,2026-04-30
100313,5,14,1943.48,16,0,0,0,0,2026-05-31
100313,6,17,1742.02,11,0,0,1,1,2026-06-30
100314,1,2,127.62,9,0,1,1,0,2026-01-31
100314,2,4,155.07,8,0,0,1,0,2026-02-28
100314,3,5,571.85,8,0,0,1,0,2026-03-31
100314,4,4,537.24,14,1,0,1,0,2026-04-30
100314,5,4,204.85,15,0,0,0,0,2026-05-31
100314,6,5,210.53,6,1,1,1,1,2026-06-30
100315,1,13,916.08,10,0,0,1,0,2026-01-31
100315,2,13,368.67,10,0,0,1,0,2026-02-28
100315,3,8,849.47,10,1,1,0,0,2026-03-31
100315,4,7,973.37,7,0,1,1,0,2026-04-30
100315,5,7,362.76,11,0,0,1,1,2026-05-31
100315,6,10,1341.16,8,0,0,1,0,2026-06-30
100316,1,12,1547.22,18,0,0,1,0,2026-01-31
100316,2,10,637.94,14,0,0,0,0,2026-02-28
100316,3,15,906.91,7,0,1,1,0,2026-03-31
100316,4,8,564.16,21,0,0,0,0,2026-04-30
100316,5,14,951.53,15,0,1,0,0,2026-05-31
100316,6,13,1212.15,19,0,0,1,1,2026-06-30
100317,1,12,1724.18,6,0,1,1,0,2026-01-31
100317,2,11,759.14,14,2,0,1,0,2026-02-28
100317,3,15,1393.77,8,0,1,1,1,2026-03-31
100317,4,7,701.49,17,0,0,0,0,2026-04-30
100317,5,6,536.88,15,1,0,1,0,2026-05-31
100317,6,7,794.27,18,1,0,1,0,2026-06-30
100318,1,13,1403.6,11,0,0,1,0,2026-01-31
100318,2,18,1146.36,15,0,0,1,0,2026-02-28
100318,3,12,1249.37,12,2,1,1,1,2026-03-31
100318,4,18,2172.81,14,0,0,1,1,2026-04-30
100318,5,19,1949.09,8,2,0,1,0,2026-05-31
100318,6,16,1444.54,11,0,0,1,0,2026-06-30
100319,1,4,267.2,12,0,0,1,0,2026-01-31
100319,2,4,225.22,5,0,1,1,0,2026-02-28
100319,3,3,378.55,13,1,0,1,0,2026-03-31
100319,4,3,100.37,6,0,0,1,0,2026-04-30
100319,5,2,60.96,8,0,1,1,1,2026-05-31
100319,6,4,515.94,10,0,0,1,0,2026-06-30
100320,1,16,1989.29,12,1,1,1,0,2026-01-31
100320,2,10,1481.5,20,0,0,0,0,2026-02-28
100320,3,14,1302.24,13,1,0,1,0,2026-03-31
100320,4,25,1687.33,12,2,1,1,0,2026-04-30
100320,5,21,1400.61,9,1,1,0,1,2026-05-31
100320,6,24,490.24,11,0,0,1,0,2026-06-30
100321,1,13,627.63,10,2,0,1,0,2026-01-31
100321,2,9,1158.15,11,1,0,1,0,2026-02-28
100321,3,22,711.06,8,1,0,0,0,2026-03-31
100321,4,22,1329.91,4,1,0,1,0,2026-04-30
100321,5,16,587.49,15,0,1,1,1,2026-05-31
100321,6,19,1986.34,20,0,0,0,0,2026-06-30
100322,1,18,2002.44,10,0,1,1,0,2026-01-31
100322,2,12,1185.15,6,1,1,1,0,2026-02-28
100322,3,19,2084.94,14,0,0,0,0,2026-03-31
100322,4,17,897.05,10,0,0,1,0,2026-04-30
100322,5,16,1084.98,15,0,0,1,0,2026-05-31
100322,6,13,370.63,17,0,1,0,0,2026-06-30
100323,1,14,1939.1,17,1,0,0,0,2026-01-31
100323,2,9,327.46,14,1,1,1,0,2026-02-28
100323,3,19,1016.79,10,0,0,1,0,2026-03-31
100323,4,15,1725.38,16,0,0,1,0,2026-04-30
100323,5,15,1841.12,10,0,0,1,1,2026-05-31
100323,6,20,2749.65,5,2,1,1,0,2026-06-30
100324,1,5,629.97,6,0,0,1,0,2026-01-31
100324,2,10,833.35,19,0,1,0,0,2026-02-28
100324,3,7,282.57,10,0,1,1,0,2026-03-31
100324,4,11,1258.04,8,0,0,1,0,2026-04-30
100324,5,12,561.4,9,0,0,1,1,2026-05-31
100324,6,9,342.58,9,0,1,0,0,2026-06-30
100325,1,10,923.85,12,0,1,1,0,2026-01-31
100325,2,5,630.75,11,1,0,0,0,2026-02-28
100325,3,6,279.43,12,1,1,1,0,2026-03-31
100325,4,7,772.92,4,0,1,1,1,2026-04-30
100325,5,7,473.2,12,1,0,0,1,2026-05-31
100325,6,7,619.26,14,1,0,0,0,2026-06-30
100326,1,6,617.22,9,0,0,1,0,2026-01-31
100326,2,15,575.65,5,0,1,1,1,2026-02-28
100326,3,11,1569.36,7,0,1,1,0,2026-03-31
100326,4,11,783.97,21,0,1,1,0,2026-04-30
100326,5,7,303.63,11,2,0,0,0,2026-05-31
100326,6,11,1091.1,16,0,0,1,0,2026-06-30
100327,1,13,1927.74,7,0,0,0,0,2026-01-31
100327,2,16,593.13,19,0,1,1,0,2026-02-28
100327,3,16,2381.76,17,1,0,0,0,2026-03-31
100327,4,9,921.89,9,0,1,1,0,2026-04-30
100327,5,13,995.48,22,1,0,0,0,2026-05-31
100327,6,10,642.64,8,0,1,0,1,2026-06-30
100328,1,20,549.82,15,0,1,1,0,2026-01-31
100328,2,26,3893.18,16,0,0,0,1,2026-02-28
100328,3,29,1696.87,12,0,0,1,0,2026-03-31
100328,4,30,657.25,12,0,0,1,0,2026-04-30
100328,5,24,3323.59,8,0,0,1,0,2026-05-31
100328,6,16,859.69,10,0,1,1,0,2026-06-30
100329,1,5,543.48,12,0,0,1,0,2026-01-31
100329,2,6,566.65,8,2,1,1,0,2026-02-28
100329,3,9,910.24,10,1,1,1,0,2026-03-31
100329,4,9,627.77,4,1,0,1,0,2026-04-30
100329,5,7,1010.49,14,1,0,1,1,2026-05-31
100329,6,6,396.32,8,0,1,0,1,2026-06-30
100330,1,4,229.2,12,0,0,1,0,2026-01-31
100330,2,3,301.26,13,1,0,1,0,2026-02-28
100330,3,6,676.82,7,0,0,0,0,2026-03-31
100330,4,4,166.74,9,0,1,1,0,2026-04-30
100330,5,5,156.02,11,1,0,1,1,2026-05-31
100330,6,5,517.91,16,1,0,1,0,2026-06-30
100331,1,16,1589.61,11,1,0,1,0,2026-01-31
100331,2,14,930.3,10,1,1,0,0,2026-02-28
100331,3,10,1363.07,15,1,1,0,1,2026-03-31
100331,4,22,471.31,9,0,1,1,0,2026-04-30
100331,5,11,807.28,17,0,0,1,1,2026-05-31
100331,6,19,934.2,11,1,0,1,0,2026-06-30
100332,1,5,176.76,11,2,1,1,0,2026-01-31
100332,2,5,282.36,14,0,1,0,0,2026-02-28
100332,3,6,669.02,14,0,1,1,0,2026-03-31
100332,4,7,161.14,6,0,1,1,1,2026-04-30
100332,5,8,772.1,7,0,0,0,0,2026-05-31
100332,6,5,492.28,8,0,1,1,1,2026-06-30
100333,1,19,825.69,9,0,0,1,0,2026-01-31
100333,2,25,2962.93,9,1,0,0,0,2026-02-28
100333,3,21,1644.0,9,0,0,1,0,2026-03-31
100333,4,35,1189.53,21,1,0,1,0,2026-04-30
100333,5,28,2536.14,11,0,0,0,0,2026-05-31
100333,6,30,2930.18,14,1,0,1,0,2026-06-30
100334,1,27,1497.48,9,0,0,0,0,2026-01-31
100334,2,28,2458.46,7,2,1,1,0,2026-02-28
100334,3,30,2292.32,8,0,1,1,0,2026-03-31
100334,4,16,650.34,14,1,0,0,0,2026-04-30
100334,5,16,1658.98,16,2,0,1,0,2026-05-31
100334,6,31,2253.57,14,0,0,1,1,2026-06-30
100335,1,13,1639.61,15,0,0,0,0,2026-01-31
100335,2,20,958.01,12,0,0,1,0,2026-02-28
100335,3,24,2494.4,23,0,1,1,0,2026-03-31
100335,4,13,1248.15,22,0,0,1,0,2026-04-30
100335,5,25,2121.72,13,1,0,1,0,2026-05-31
100335,6,17,2258.54,10,0,1,1,1,2026-06-30
100336,1,22,2443.39,10,0,0,0,0,2026-01-31
100336,2,25,3165.72,12,1,0,1,0,2026-02-28
100336,3,30,2002.99,10,0,0,1,0,2026-03-31
100336,4,12,1068.27,6,1,1,1,1,2026-04-30
100336,5,16,2053.21,5,0,0,1,0,2026-05-31
100336,6,30,4312.96,14,0,1,0,0,2026-06-30
100337,1,9,1336.84,8,0,1,0,1,2026-01-31
100337,2,7,759.0,10,1,0,0,0,2026-02-28
100337,3,9,299.43,3,0,1,1,0,2026-03-31
100337,4,12,724.28,10,0,1,1,0,2026-04-30
100337,5,9,1063.8,14,0,1,1,0,2026-05-31
100337,6,18,1807.05,13,0,0,0,0,2026-06-30
100338,1,31,1800.35,11,2,0,1,0,2026-01-31
100338,2,23,2423.79,12,0,0,0,0,2026-02-28
100338,3,20,1956.51,15,0,0,1,0,2026-03-31
100338,4,15,902.24,16,0,0,1,0,2026-04-30
100338,5,14,2088.44,11,1,1,1,0,2026-05-31
100338,6,13,684.57,11,1,1,1,0,2026-06-30
100339,1,18,738.65,14,0,0,0,0,2026-01-31
100339,2,24,624.83,21,0,0,1,0,2026-02-28
100339,3,22,1040.1,9,1,0,1,1,2026-03-31
100339,4,25,2767.21,8,0,1,1,0,2026-04-30
100339,5,15,1507.04,10,0,0,0,0,2026-05-31
100339,6,15,1757.28,14,0,1,0,1,2026-06-30
100340,1,13,486.25,7,2,0,1,0,2026-01-31
100340,2,15,1734.44,13,0,0,1,0,2026-02-28
100340,3,9,361.95,6,0,0,1,0,2026-03-31
100340,4,8,402.33,13,0,0,0,0,2026-04-30
100340,5,7,509.54,13,1,0,1,0,2026-05-31
100340,6,6,779.65,14,0,1,0,0,2026-06-30
100341,1,21,1108.12,8,1,0,1,0,2026-01-31
100341,2,22,1538.1,23,1,1,1,0,2026-02-28
100341,3,9,1316.54,16,0,0,1,0,2026-03-31
100341,4,15,1163.22,9,2,0,1,0,2026-04-30
100341,5,19,536.86,11,0,1,1,0,2026-05-31
100341,6,18,877.71,12,0,0,0,1,2026-06-30
100342,1,9,461.68,9,2,1,0,0,2026-01-31
100342,2,15,1166.28,14,0,0,1,1,2026-02-28
100342,3,16,1485.58,14,0,1,0,1,2026-03-31
100342,4,17,2401.09,10,0,1,1,0,2026-04-30
100342,5,15,1477.52,18,0,1,1,0,2026-05-31
100342,6,20,2203.05,13,0,0,1,0,2026-06-30
100343,1,25,2619.55,16,0,0,1,0,2026-01-31
100343,2,22,1993.49,28,0,1,1,0,2026-02-28
100343,3,23,3391.33,15,0,0,1,0,2026-03-31
100343,4,24,2834.15,22,0,1,0,0,2026-04-30
100343,5,10,1214.61,10,1,0,1,0,2026-05-31
100343,6,10,1116.65,18,0,1,1,0,2026-06-30
100344,1,6,130.5,10,0,0,1,1,2026-01-31
100344,2,9,760.64,2,1,1,0,0,2026-02-28
100344,3,10,1214.55,5,0,0,1,0,2026-03-31
100344,4,7,820.89,11,0,1,1,0,2026-04-30
100344,5,8,869.69,9,0,1,1,0,2026-05-31
100344,6,9,1129.18,6,1,0,0,1,2026-06-30
100345,1,18,1986.25,2,0,1,1,0,2026-01-31
100345,2,17,1419.3,9,2,0,0,0,2026-02-28
100345,3,13,1605.84,9,2,0,1,0,2026-03-31
100345,4,14,790.0,14,0,1,1,0,2026-04-30
100345,5,8,325.77,19,2,0,1,0,2026-05-31
100345,6,12,291.85,9,1,0,1,0,2026-06-30
100346,1,10,429.1,18,0,0,1,0,2026-01-31
100346,2,5,496.37,15,1,0,0,0,2026-02-28
100346,3,10,617.28,13,0,1,0,0,2026-03-31
100346,4,8,836.12,14,0,0,1,0,2026-04-30
100346,5,12,1256.39,10,0,1,1,0,2026-05-31
100346,6,13,1913.17,7,0,0,1,0,2026-06-30
100347,1,24,2129.99,13,0,0,1,1,2026-01-31
100347,2,17,1108.85,14,0,0,1,0,2026-02-28
100347,3,24,1658.27,9,0,0,1,1,2026-03-31
100347,4,12,881.85,16,0,0,0,0,2026-04-30
100347,5,21,1604.2,7,1,1,1,1,2026-05-31
100347,6,16,1109.83,14,0,0,1,0,2026-06-30
100348,1,16,1796.59,11,0,1,1,0,2026-01-31
100348,2,16,1229.49,15,0,0,1,0,2026-02-28
100348,3,14,1875.61,12,0,1,1,0,2026-03-31
100348,4,9,1215.32,13,1,1,0,1,2026-04-30
100348,5,11,655.81,16,0,1,0,0,2026-05-31
100348,6,12,270.13,12,0,0,1,0,2026-06-30
100349,1,6,231.05,9,1,0,1,0,2026-01-31
100349,2,4,328.91,14,0,1,1,0,2026-02-28
100349,3,7,317.42,17,1,0,1,0,2026-03-31
100349,4,4,221.8,9,0,0,1,0,2026-04-30
100349,5,11,780.52,9,1,0,1,0,2026-05-31
100349,6,11,1391.27,8,0,0,1,1,2026-06-30
100350,1,3,375.63,2,0,0,1,1,2026-01-31
100350,2,2,242.86,11,0,0,0,0,2026-02-28
100350,3,4,508.39,6,2,0,1,0,2026-03-31
100350,4,4,335.59,10,0,1,1,0,2026-04-30
100350,5,2,40.32,8,0,1,1,1,2026-05-31
100350,6,4,392.24,13,2,0,1,1,2026-06-30
100351,1,29,3221.5,6,0,0,1,0,2026-01-31
100351,2,30,3799.67,14,0,1,1,1,2026-02-28
100351,3,25,1009.9,17,1,0,1,0,2026-03-31
100351,4,17,1355.57,21,0,0,1,0,2026-04-30
100351,5,29,4027.94,13,1,0,0,0,2026-05-31
100351,6,25,2051.43,16,0,0,0,1,2026-06-30
100352,1,7,474.81,22,1,0,1,0,2026-01-31
100352,2,7,993.07,12,0,0,1,0,2026-02-28
100352,3,8,941.23,7,1,1,1,0,2026-03-31
100352,4,4,241.03,11,0,1,0,0,2026-04-30
100352,5,8,935.75,10,0,0,0,0,2026-05-31
100352,6,8,1107.76,6,1,0,1,0,2026-06-30
100353,1,10,753.26,4,0,1,1,0,2026-01-31
100353,2,11,1538.16,14,0,0,1,0,2026-02-28
100353,3,11,528.86,12,0,1,1,0,2026-03-31
100353,4,10,648.65,11,0,0,1,0,2026-04-30
100353,5,10,1401.27,13,2,0,0,0,2026-05-31
100353,6,8,1100.68,12,0,1,0,0,2026-06-30
100354,1,9,659.51,16,0,0,1,0,2026-01-31
100354,2,6,490.3,10,1,0,1,0,2026-02-28
100354,3,9,483.34,24,1,0,1,0,2026-03-31
100354,4,11,547.51,11,0,1,1,1,2026-04-30
100354,5,10,1082.45,6,0,0,1,0,2026-05-31
100354,6,7,808.41,6,1,0,1,0,2026-06-30
100355,1,11,395.65,10,0,1,1,0,2026-01-31
100355,2,9,456.46,3,0,1,1,1,2026-02-28
100355,3,9,212.31,14,0,1,1,0,2026-03-31
100355,4,5,571.49,10,0,0,0,1,2026-04-30
100355,5,6,642.37,12,0,0,0,1,2026-05-31
100355,6,5,232.83,14,0,0,1,0,2026-06-30
100356,1,18,1702.74,17,0,0,0,0,2026-01-31
100356,2,23,1254.26,4,0,0,1,0,2026-02-28
100356,3,18,689.39,12,0,0,1,0,2026-03-31
100356,4,19,1937.83,8,1,1,1,0,2026-04-30
100356,5,15,2236.66,12,0,0,1,1,2026-05-31
100356,6,17,618.02,6,1,1,1,0,2026-06-30
100357,1,8,693.94,8,1,0,1,0,2026-01-31
100357,2,9,825.89,10,0,1,0,0,2026-02-28
100357,3,8,771.9,13,1,0,1,0,2026-03-31
100357,4,11,763.56,9,0,0,1,0,2026-04-30
100357,5,6,433.85,7,0,1,1,0,2026-05-31
100357,6,5,641.69,8,0,0,1,0,2026-06-30
100358,1,13,635.82,9,2,1,0,0,2026-01-31
100358,2,16,2314.85,10,0,0,1,0,2026-02-28
100358,3,9,1210.43,5,0,1,1,0,2026-03-31
100358,4,16,1491.73,8,0,1,1,0,2026-04-30
100358,5,21,2696.71,9,0,0,1,0,2026-05-31
100358,6,14,1347.16,13,0,0,0,0,2026-06-30
100359,1,28,2085.45,15,1,1,0,0,2026-01-31
100359,2,36,2484.45,5,0,0,1,0,2026-02-28
100359,3,18,368.35,12,2,0,0,0,2026-03-31
100359,4,37,2940.36,6,0,1,1,0,2026-04-30
100359,5,29,2724.94,17,0,0,1,0,2026-05-31
100359,6,22,2126.75,6,0,0,1,0,2026-06-30
100360,1,8,856.07,17,0,0,1,0,2026-01-31
100360,2,8,499.87,18,0,0,1,0,2026-02-28
100360,3,7,474.82,11,0,0,1,0,2026-03-31
100360,4,8,193.4,9,1,0,1,1,2026-04-30
100360,5,6,759.97,12,0,1,0,0,2026-05-31
100360,6,7,728.9,13,1,0,0,0,2026-06-30
100361,1,8,1160.21,8,0,1,1,0,2026-01-31
100361,2,6,494.84,13,0,1,0,1,2026-02-28
100361,3,4,394.19,10,0,1,1,1,2026-03-31
100361,4,6,716.59,10,0,1,0,0,2026-04-30
100361,5,4,290.83,10,0,0,0,0,2026-05-31
100361,6,7,595.74,8,0,1,1,0,2026-06-30
100362,1,9,621.77,6,3,0,0,0,2026-01-31
100362,2,11,998.57,11,0,0,1,0,2026-02-28
100362,3,19,1550.25,14,0,1,0,0,2026-03-31
100362,4,10,477.03,8,1,0,1,0,2026-04-30
100362,5,16,2178.69,6,1,0,1,0,2026-05-31
100362,6,14,1158.29,15,2,0,1,0,2026-06-30
100363,1,26,853.52,12,0,1,1,1,2026-01-31
100363,2,16,1765.89,15,0,0,0,0,2026-02-28
100363,3,18,1354.69,16,0,1,0,1,2026-03-31
100363,4,22,849.63,11,0,0,0,0,2026-04-30
100363,5,14,1674.75,7,0,0,1,1,2026-05-31
100363,6,19,467.39,12,0,1,1,0,2026-06-30
100364,1,11,1403.11,22,0,0,0,0,2026-01-31
100364,2,8,881.02,12,1,1,0,0,2026-02-28
100364,3,10,557.34,12,1,0,1,0,2026-03-31
100364,4,6,624.14,5,0,1,0,0,2026-04-30
100364,5,7,496.85,6,0,0,1,0,2026-05-31
100364,6,10,1176.32,15,1,0,1,0,2026-06-30
100365,1,3,172.96,15,0,0,1,0,2026-01-31
100365,2,8,783.91,13,0,0,0,0,2026-02-28
100365,3,4,125.78,16,1,0,1,1,2026-03-31
100365,4,4,577.29,5,0,1,0,0,2026-04-30
100365,5,3,141.72,7,0,0,0,0,2026-05-31
100365,6,4,502.84,7,0,0,1,1,2026-06-30
100366,1,9,557.43,14,0,0,0,0,2026-01-31
100366,2,7,1026.7,5,0,1,0,0,2026-02-28
100366,3,5,467.51,7,0,1,1,1,2026-03-31
100366,4,9,953.56,10,0,1,0,0,2026-04-30
100366,5,8,1045.29,6,1,0,1,1,2026-05-31
100366,6,11,828.91,11,1,0,1,0,2026-06-30
100367,1,19,1879.44,14,0,1,1,0,2026-01-31
100367,2,15,362.62,11,1,0,1,1,2026-02-28
100367,3,17,2414.29,14,1,1,0,0,2026-03-31
100367,4,26,2285.59,18,0,0,1,0,2026-04-30
100367,5,15,2109.51,10,0,0,1,1,2026-05-31
100367,6,14,1005.75,6,0,0,1,0,2026-06-30
100368,1,7,783.0,17,0,0,1,0,2026-01-31
100368,2,10,200.45,8,0,0,1,0,2026-02-28
100368,3,5,367.29,11,0,1,1,0,2026-03-31
100368,4,9,1299.69,8,0,0,1,0,2026-04-30
100368,5,6,700.35,7,0,0,1,0,2026-05-31
100368,6,7,965.93,5,1,0,1,0,2026-06-30
100369,1,4,303.18,8,1,0,1,1,2026-01-31
100369,2,4,419.79,6,2,1,1,0,2026-02-28
100369,3,5,179.58,8,0,0,1,0,2026-03-31
100369,4,5,654.95,8,0,1,0,0,2026-04-30
100369,5,7,691.61,8,1,1,1,0,2026-05-31
100369,6,4,446.93,7,1,0,0,0,2026-06-30
100370,1,3,294.33,10,0,1,1,0,2026-01-31
100370,2,3,348.67,5,0,0,0,1,2026-02-28
100370,3,2,203.48,10,0,0,0,0,2026-03-31
100370,4,4,204.09,8,0,0,1,0,2026-04-30
100370,5,2,173.48,9,0,0,0,0,2026-05-31
100370,6,3,171.74,12,0,1,1,0,2026-06-30
100371,1,8,1175.53,11,0,1,0,0,2026-01-31
100371,2,7,526.81,10,1,0,0,0,2026-02-28
100371,3,11,1197.58,4,0,1,1,0,2026-03-31
100371,4,16,324.28,10,1,0,0,0,2026-04-30
100371,5,9,820.14,6,2,0,0,0,2026-05-31
100371,6,13,800.39,9,0,0,0,1,2026-06-30
100372,1,12,1575.36,11,1,1,0,0,2026-01-31
100372,2,9,536.05,13,1,1,1,0,2026-02-28
100372,3,10,1363.96,8,0,0,1,1,2026-03-31
100372,4,8,781.98,13,0,0,1,0,2026-04-30
100372,5,15,1409.44,13,1,0,1,1,2026-05-31
100372,6,9,874.84,8,2,0,1,0,2026-06-30
100373,1,10,296.68,20,1,1,1,0,2026-01-31
100373,2,13,1448.15,10,0,1,1,1,2026-02-28
100373,3,15,1568.71,14,1,0,1,0,2026-03-31
100373,4,7,967.02,9,0,0,1,1,2026-04-30
100373,5,12,830.7,6,2,0,1,1,2026-05-31
100373,6,13,867.79,17,1,0,1,0,2026-06-30
100374,1,11,1527.04,15,0,0,0,0,2026-01-31
100374,2,13,1308.45,12,1,1,1,0,2026-02-28
100374,3,14,547.48,19,0,1,1,0,2026-03-31
100374,4,6,559.91,4,0,1,1,0,2026-04-30
100374,5,6,645.98,8,0,0,1,1,2026-05-31
100374,6,11,1101.04,21,0,1,1,1,2026-06-30
100375,1,11,872.12,15,1,0,1,0,2026-01-31
100375,2,7,593.18,22,1,0,1,1,2026-02-28
100375,3,5,429.73,14,1,0,1,0,2026-03-31
100375,4,10,1293.15,9,0,0,0,0,2026-04-30
100375,5,6,308.85,8,0,0,1,0,2026-05-31
100375,6,10,1197.21,13,0,0,1,0,2026-06-30
100376,1,7,474.04,6,0,0,1,0,2026-01-31
100376,2,10,701.86,6,0,1,0,0,2026-02-28
100376,3,9,479.41,9,2,1,1,0,2026-03-31
100376,4,6,490.64,13,0,0,0,0,2026-04-30
100376,5,11,567.42,11,0,0,1,0,2026-05-31
100376,6,10,646.84,9,0,0,1,0,2026-06-30
100377,1,16,891.72,15,0,1,0,0,2026-01-31
100377,2,13,936.57,22,0,1,1,1,2026-02-28
100377,3,31,4277.15,5,0,1,0,0,2026-03-31
100377,4,13,1799.08,3,0,1,1,0,2026-04-30
100377,5,31,1028.27,10,0,1,0,0,2026-05-31
100377,6,26,2644.81,6,2,0,1,0,2026-06-30
100378,1,16,2037.17,13,0,1,0,0,2026-01-31
100378,2,12,1519.29,9,1,0,1,0,2026-02-28
100378,3,19,1942.02,15,0,0,1,0,2026-03-31
100378,4,8,692.65,9,0,1,1,1,2026-04-30
100378,5,12,1773.04,24,1,0,1,1,2026-05-31
100378,6,14,396.14,5,0,1,0,0,2026-06-30
100379,1,16,1291.84,11,0,0,0,1,2026-01-31
100379,2,16,1233.29,9,1,1,0,1,2026-02-28
100379,3,15,393.74,17,0,0,1,0,2026-03-31
100379,4,9,208.38,11,0,0,1,0,2026-04-30
100379,5,13,507.44,6,2,0,0,0,2026-05-31
100379,6,8,206.75,14,0,1,0,1,2026-06-30
100380,1,7,903.43,6,1,0,1,1,2026-01-31
100380,2,12,1566.59,12,1,0,1,0,2026-02-28
100380,3,6,602.39,11,1,0,1,0,2026-03-31
100380,4,5,331.12,13,0,1,0,0,2026-04-30
100380,5,10,877.99,16,1,1,1,1,2026-05-31
100380,6,4,422.08,8,1,0,1,0,2026-06-30
100381,1,4,216.38,10,0,1,1,0,2026-01-31
100381,2,4,427.63,10,0,0,1,0,2026-02-28
100381,3,7,925.39,14,0,1,1,0,2026-03-31
100381,4,7,534.04,9,1,1,1,0,2026-04-30
100381,5,4,395.21,10,0,0,0,0,2026-05-31
100381,6,9,618.14,10,0,0,0,0,2026-06-30
100382,1,11,271.1,9,0,1,0,1,2026-01-31
100382,2,11,230.16,11,1,0,1,1,2026-02-28
100382,3,10,1400.26,10,0,0,1,0,2026-03-31
100382,4,11,1333.38,13,1,1,1,0,2026-04-30
100382,5,6,414.05,13,0,0,0,1,2026-05-31
100382,6,8,463.83,15,0,1,1,0,2026-06-30
100383,1,9,1121.2,11,0,1,1,1,2026-01-31
100383,2,10,1111.03,5,0,1,1,0,2026-02-28
100383,3,8,953.71,7,1,1,1,0,2026-03-31
100383,4,6,525.28,19,0,0,1,0,2026-04-30
100383,5,9,444.32,10,1,0,0,1,2026-05-31
100383,6,7,649.98,16,0,0,0,0,2026-06-30
100384,1,16,1877.69,10,2,1,0,0,2026-01-31
100384,2,11,660.72,14,0,0,1,0,2026-02-28
100384,3,16,1449.2,11,0,0,0,0,2026-03-31
100384,4,18,1188.27,9,0,1,1,0,2026-04-30
100384,5,19,2758.06,10,1,1,1,1,2026-05-31
100384,6,19,2251.0,7,1,0,0,0,2026-06-30
100385,1,23,2600.65,18,0,1,0,0,2026-01-31
100385,2,26,3111.1,24,1,1,0,0,2026-02-28
100385,3,14,763.63,19,0,1,1,0,2026-03-31
100385,4,18,2498.1,13,0,1,1,0,2026-04-30
100385,5,12,1660.81,9,1,0,1,0,2026-05-31
100385,6,16,2136.95,14,0,1,1,1,2026-06-30
100386,1,14,816.16,18,0,0,1,0,2026-01-31
100386,2,14,440.81,12,0,0,1,0,2026-02-28
100386,3,28,1011.11,21,1,0,1,0,2026-03-31
100386,4,19,1801.81,8,1,0,0,1,2026-04-30
100386,5,27,604.96,12,0,0,0,0,2026-05-31
100386,6,33,1495.42,12,0,0,1,0,2026-06-30
100387,1,21,2498.84,9,1,0,1,0,2026-01-31
100387,2,8,730.62,11,0,1,0,0,2026-02-28
100387,3,9,1167.29,9,1,1,1,0,2026-03-31
100387,4,20,1412.08,8,1,0,1,0,2026-04-30
100387,5,10,253.63,10,1,1,1,1,2026-05-31
100387,6,15,453.26,20,1,1,0,0,2026-06-30
100388,1,18,1160.45,14,1,0,0,0,2026-01-31
100388,2,15,1713.9,10,0,0,1,0,2026-02-28
100388,3,11,649.33,16,1,1,1,1,2026-03-31
100388,4,11,1379.0,13,1,1,1,1,2026-04-30
100388,5,10,948.28,3,1,1,1,0,2026-05-31
100388,6,9,890.62,8,0,0,1,0,2026-06-30
100389,1,7,961.65,15,0,0,0,1,2026-01-31
100389,2,10,711.47,16,0,1,0,0,2026-02-28
100389,3,5,180.84,20,0,1,0,0,2026-03-31
100389,4,7,804.56,9,1,1,1,0,2026-04-30
100389,5,12,1265.15,16,1,0,0,0,2026-05-31
100389,6,8,665.66,9,0,0,1,0,2026-06-30
100390,1,13,1080.92,7,1,1,0,0,2026-01-31
100390,2,10,342.71,12,0,0,0,0,2026-02-28
100390,3,16,635.48,16,1,1,0,1,2026-03-31
100390,4,12,386.19,13,1,0,0,0,2026-04-30
100390,5,21,626.25,8,0,0,1,0,2026-05-31
100390,6,18,668.24,10,0,0,1,0,2026-06-30
100391,1,16,2336.72,10,0,0,1,0,2026-01-31
100391,2,15,979.34,13,1,1,1,0,2026-02-28
100391,3,19,2755.1,15,1,0,1,0,2026-03-31
100391,4,22,981.56,12,1,0,1,0,2026-04-30
100391,5,31,2074.1,10,1,0,0,0,2026-05-31
100391,6,31,2137.95,7,1,1,1,1,2026-06-30
100392,1,14,1848.17,15,1,1,1,0,2026-01-31
100392,2,26,3105.91,15,0,1,1,0,2026-02-28
100392,3,25,1877.42,19,0,1,1,0,2026-03-31
100392,4,12,1225.42,11,0,1,0,0,2026-04-30
100392,5,12,1267.38,4,0,1,1,0,2026-05-31
100392,6,21,2833.89,10,0,0,1,0,2026-06-30
100393,1,22,498.98,14,2,0,1,0,2026-01-31
100393,2,22,2789.69,18,1,0,0,1,2026-02-28
100393,3,22,2851.58,7,0,0,1,0,2026-03-31
100393,4,17,701.06,16,1,0,1,1,2026-04-30
100393,5,19,2085.45,11,0,0,1,0,2026-05-31
100393,6,18,1832.17,6,0,0,1,0,2026-06-30
100394,1,23,970.01,5,0,1,1,0,2026-01-31
100394,2,25,2148.33,9,0,0,1,0,2026-02-28
100394,3,23,3449.09,13,0,1,0,0,2026-03-31
100394,4,23,1718.71,6,0,0,1,0,2026-04-30
100394,5,24,2400.13,13,0,0,1,0,2026-05-31
100394,6,23,3151.42,14,1,0,1,0,2026-06-30
100395,1,22,2093.36,5,0,1,0,0,2026-01-31
100395,2,11,1345.21,7,1,1,1,0,2026-02-28
100395,3,20,895.54,6,0,1,0,1,2026-03-31
100395,4,20,2206.53,19,0,1,1,1,2026-04-30
100395,5,17,1003.28,9,0,1,1,0,2026-05-31
100395,6,10,859.06,6,1,1,0,0,2026-06-30
100396,1,20,1682.28,7,1,0,1,1,2026-01-31
100396,2,14,1093.86,6,0,1,1,1,2026-02-28
100396,3,13,634.88,12,0,0,1,0,2026-03-31
100396,4,10,212.16,10,0,0,0,0,2026-04-30
100396,5,12,454.65,17,0,0,0,0,2026-05-31
100396,6,11,642.35,11,1,0,1,1,2026-06-30
100397,1,18,2568.03,16,0,1,1,1,2026-01-31
100397,2,12,761.68,11,1,1,0,0,2026-02-28
100397,3,19,731.26,10,0,0,1,0,2026-03-31
100397,4,23,1906.24,8,0,1,1,0,2026-04-30
100397,5,18,1299.03,13,1,0,1,0,2026-05-31
100397,6,16,1849.94,11,0,1,1,0,2026-06-30
100398,1,6,629.29,11,0,0,1,0,2026-01-31
100398,2,6,187.61,21,0,1,0,0,2026-02-28
100398,3,14,1200.96,16,0,0,0,0,2026-03-31
100398,4,12,890.49,23,0,1,1,1,2026-04-30
100398,5,14,1646.73,18,0,0,0,0,2026-05-31
100398,6,6,362.66,13,0,0,1,0,2026-06-30
100399,1,2,93.55,9,1,1,0,0,2026-01-31
100399,2,2,113.53,12,1,1,0,1,2026-02-28
100399,3,3,115.32,12,1,0,1,0,2026-03-31
100399,4,3,321.07,10,1,0,1,0,2026-04-30
100399,5,1,64.62,12,2,1,1,0,2026-05-31
100399,6,2,104.13,13,0,0,1,0,2026-06-30
100400,1,11,459.78,5,0,0,1,1,2026-01-31
100400,2,5,603.7,7,1,1,1,0,2026-02-28
100400,3,12,515.55,13,2,1,1,0,2026-03-31
100400,4,11,764.56,10,1,0,0,0,2026-04-30
100400,5,7,933.78,25,2,1,1,0,2026-05-31
100400,6,10,1226.14,9,0,0,1,1,2026-06-30
100401,1,4,526.37,15,1,0,1,0,2026-01-31
100401,2,7,690.13,17,0,0,0,0,2026-02-28
100401,3,5,620.78,14,0,1,1,0,2026-03-31
100401,4,8,661.34,19,0,1,0,0,2026-04-30
100401,5,7,248.09,11,1,0,1,0,2026-05-31
100401,6,5,451.96,12,1,1,0,0,2026-06-30
100402,1,2,176.71,8,0,1,0,0,2026-01-31
100402,2,5,189.57,13,0,0,1,0,2026-02-28
100402,3,4,131.52,7,0,1,1,0,2026-03-31
100402,4,6,861.05,8,1,0,0,1,2026-04-30
100402,5,6,791.4,16,1,0,1,0,2026-05-31
100402,6,5,329.68,13,0,0,0,0,2026-06-30
100403,1,10,912.75,9,0,1,0,0,2026-01-31
100403,2,14,2088.7,17,2,0,1,0,2026-02-28
100403,3,17,1098.06,12,1,0,1,0,2026-03-31
100403,4,12,1486.94,15,2,0,1,0,2026-04-30
100403,5,17,1910.19,14,1,0,1,0,2026-05-31
100403,6,20,537.21,6,2,1,1,0,2026-06-30
100404,1,8,588.27,15,2,1,1,0,2026-01-31
100404,2,5,382.58,4,0,1,1,0,2026-02-28
100404,3,7,885.03,7,0,1,1,0,2026-03-31
100404,4,9,1336.1,12,0,1,0,1,2026-04-30
100404,5,6,679.03,23,0,0,1,0,2026-05-31
100404,6,6,244.37,14,0,0,1,0,2026-06-30
100405,1,8,522.46,9,0,0,0,0,2026-01-31
100405,2,5,501.58,5,1,1,1,0,2026-02-28
100405,3,10,562.84,17,1,0,0,0,2026-03-31
100405,4,8,1049.75,13,0,1,1,0,2026-04-30
100405,5,6,529.31,13,1,1,1,0,2026-05-31
100405,6,4,124.37,9,0,0,0,0,2026-06-30
100406,1,9,878.56,10,0,0,0,1,2026-01-31
100406,2,9,1219.89,6,1,0,1,1,2026-02-28
100406,3,6,661.88,19,0,1,1,0,2026-03-31
100406,4,7,754.25,6,0,1,0,0,2026-04-30
100406,5,9,241.35,12,1,0,1,0,2026-05-31
100406,6,11,1096.58,17,0,1,1,0,2026-06-30
100407,1,12,587.84,6,1,0,1,0,2026-01-31
100407,2,10,810.25,20,1,0,1,0,2026-02-28
100407,3,8,346.36,10,2,0,1,0,2026-03-31
100407,4,8,675.27,13,3,0,1,1,2026-04-30
100407,5,10,566.27,12,0,0,0,0,2026-05-31
100407,6,9,1076.95,10,0,1,1,0,2026-06-30
100408,1,13,653.72,13,1,1,1,0,2026-01-31
100408,2,16,2352.85,12,1,1,1,1,2026-02-28
100408,3,12,280.06,15,0,1,1,0,2026-03-31
100408,4,19,1047.22,8,0,1,1,0,2026-04-30
100408,5,13,1277.29,26,0,0,1,1,2026-05-31
100408,6,23,1167.12,8,1,1,1,0,2026-06-30
100409,1,4,144.31,8,1,1,1,0,2026-01-31
100409,2,5,428.72,7,0,1,1,0,2026-02-28
100409,3,3,332.69,7,1,1,1,0,2026-03-31
100409,4,6,612.3,8,0,1,1,0,2026-04-30
100409,5,6,678.9,8,0,1,1,0,2026-05-31
100409,6,5,222.74,10,0,1,1,0,2026-06-30
100410,1,5,731.95,4,0,0,1,0,2026-01-31
100410,2,11,759.62,10,0,1,0,0,2026-02-28
100410,3,5,415.81,16,0,1,1,0,2026-03-31
100410,4,7,624.56,14,0,0,0,1,2026-04-30
100410,5,10,405.65,9,0,0,1,0,2026-05-31
100410,6,6,137.42,13,0,1,1,0,2026-06-30
100411,1,6,891.95,13,0,1,1,0,2026-01-31
100411,2,9,873.72,15,0,1,1,0,2026-02-28
100411,3,11,529.22,15,0,1,1,0,2026-03-31
100411,4,14,650.87,12,0,0,1,0,2026-04-30
100411,5,10,1177.72,7,2,0,0,0,2026-05-31
100411,6,8,432.71,12,0,0,1,0,2026-06-30
100412,1,4,202.99,15,1,0,1,1,2026-01-31
100412,2,5,399.76,13,1,1,1,0,2026-02-28
100412,3,7,222.76,13,3,1,1,0,2026-03-31
100412,4,9,1210.92,21,0,1,1,0,2026-04-30
100412,5,6,616.33,15,0,1,0,0,2026-05-31
100412,6,4,142.28,17,1,0,1,0,2026-06-30
100413,1,11,699.76,11,0,0,1,1,2026-01-31
100413,2,20,1141.98,6,1,1,1,0,2026-02-28
100413,3,17,1924.5,11,0,0,1,0,2026-03-31
100413,4,9,964.45,8,0,0,1,1,2026-04-30
100413,5,20,2833.49,16,0,1,1,0,2026-05-31
100413,6,10,746.59,9,0,1,1,1,2026-06-30
100414,1,5,540.91,11,0,1,0,0,2026-01-31
100414,2,6,587.54,8,0,1,1,0,2026-02-28
100414,3,9,775.31,13,0,0,1,0,2026-03-31
100414,4,7,225.11,17,0,0,1,1,2026-04-30
100414,5,5,469.63,18,1,0,0,0,2026-05-31
100414,6,10,1437.63,13,1,0,0,0,2026-06-30
100415,1,13,1566.78,17,2,1,0,1,2026-01-31
100415,2,11,973.75,8,0,0,0,0,2026-02-28
100415,3,11,842.96,10,0,0,1,0,2026-03-31
100415,4,7,753.76,9,0,1,1,0,2026-04-30
100415,5,12,887.54,10,0,1,1,0,2026-05-31
100415,6,8,422.67,16,0,1,1,0,2026-06-30
100416,1,10,1149.21,16,0,1,1,1,2026-01-31
100416,2,6,366.29,9,0,0,1,0,2026-02-28
100416,3,10,755.83,13,0,0,1,0,2026-03-31
100416,4,6,492.29,7,0,0,1,0,2026-04-30
100416,5,10,1423.53,8,0,0,1,1,2026-05-31
100416,6,7,642.71,8,0,1,0,0,2026-06-30
100417,1,23,594.08,16,0,1,1,0,2026-01-31
100417,2,11,1073.91,11,0,0,1,0,2026-02-28
100417,3,25,1817.51,16,1,1,1,0,2026-03-31
100417,4,9,482.16,13,0,0,1,0,2026-04-30
100417,5,24,1497.74,11,1,0,1,0,2026-05-31
100417,6,19,970.71,6,1,1,1,0,2026-06-30
100418,1,14,796.31,18,0,0,1,0,2026-01-31
100418,2,12,1413.07,18,0,0,0,0,2026-02-28
100418,3,10,1258.93,9,1,1,0,0,2026-03-31
100418,4,8,536.94,10,0,0,1,0,2026-04-30
100418,5,12,1408.28,8,1,1,1,0,2026-05-31
100418,6,12,445.04,14,0,0,1,0,2026-06-30
100419,1,14,904.8,16,1,1,1,0,2026-01-31
100419,2,9,1191.47,10,0,1,1,1,2026-02-28
100419,3,5,666.64,10,0,1,1,1,2026-03-31
100419,4,9,1275.85,8,1,0,1,0,2026-04-30
100419,5,13,1162.48,20,1,1,1,0,2026-05-31
100419,6,11,494.09,9,0,1,1,0,2026-06-30
100420,1,5,713.39,6,0,0,0,0,2026-01-31
100420,2,10,728.57,9,1,1,0,0,2026-02-28
100420,3,9,874.99,6,1,0,1,1,2026-03-31
100420,4,11,572.01,9,0,1,0,0,2026-04-30
100420,5,10,1138.38,17,0,1,0,0,2026-05-31
100420,6,5,658.85,9,0,0,1,0,2026-06-30
100421,1,12,919.29,14,1,0,0,0,2026-01-31
100421,2,8,763.36,10,1,1,0,0,2026-02-28
100421,3,12,1301.58,13,0,1,1,0,2026-03-31
100421,4,6,539.92,19,1,0,1,1,2026-04-30
100421,5,5,189.77,9,2,0,0,0,2026-05-31
100421,6,7,498.75,18,0,0,1,0,2026-06-30
100422,1,20,1256.28,6,0,0,0,0,2026-01-31
100422,2,27,2197.9,15,1,0,1,0,2026-02-28
100422,3,21,2083.64,11,1,1,0,0,2026-03-31
100422,4,29,1507.83,7,0,0,1,0,2026-04-30
100422,5,24,1246.75,8,1,0,1,0,2026-05-31
100422,6,19,2835.69,12,0,0,0,0,2026-06-30
100423,1,8,329.93,10,1,0,1,0,2026-01-31
100423,2,11,964.03,5,0,0,1,1,2026-02-28
100423,3,11,1490.54,11,0,1,0,0,2026-03-31
100423,4,7,729.17,11,1,0,1,0,2026-04-30
100423,5,6,277.82,4,0,1,1,0,2026-05-31
100423,6,5,635.52,13,0,1,1,1,2026-06-30
100424,1,6,455.08,16,0,1,1,1,2026-01-31
100424,2,8,787.14,20,0,0,1,0,2026-02-28
100424,3,13,473.06,18,0,1,0,0,2026-03-31
100424,4,5,168.67,8,1,1,1,0,2026-04-30
100424,5,12,1364.9,15,0,1,1,0,2026-05-31
100424,6,6,727.93,10,0,0,1,0,2026-06-30
100425,1,9,180.01,12,0,0,1,1,2026-01-31
100425,2,7,689.25,15,1,1,0,0,2026-02-28
100425,3,8,524.89,7,0,0,0,0,2026-03-31
100425,4,6,892.24,9,0,0,1,0,2026-04-30
100425,5,4,274.44,8,0,1,1,0,2026-05-31
100425,6,5,210.89,8,2,1,1,0,2026-06-30
100426,1,4,267.86,15,0,0,1,0,2026-01-31
100426,2,6,645.35,8,0,0,0,0,2026-02-28
100426,3,4,370.4,9,0,0,1,0,2026-03-31
100426,4,7,376.8,6,1,1,1,1,2026-04-30
100426,5,4,141.31,12,1,0,1,0,2026-05-31
100426,6,4,358.2,7,1,0,1,0,2026-06-30
100427,1,4,163.07,9,0,0,0,1,2026-01-31
100427,2,4,235.75,18,0,0,1,1,2026-02-28
100427,3,4,512.37,10,1,1,1,0,2026-03-31
100427,4,5,204.32,19,1,1,1,0,2026-04-30
100427,5,4,335.54,20,1,0,1,1,2026-05-31
100427,6,2,133.24,9,0,1,1,1,2026-06-30
100428,1,7,788.21,15,0,0,0,0,2026-01-31
100428,2,5,344.64,21,0,0,1,0,2026-02-28
100428,3,5,181.13,7,0,0,1,0,2026-03-31
100428,4,8,1149.04,16,1,1,1,0,2026-04-30
100428,5,8,1105.0,11,0,1,0,1,2026-05-31
100428,6,5,359.34,5,0,1,0,1,2026-06-30
100429,1,8,1192.57,24,0,1,0,0,2026-01-31
100429,2,9,860.91,11,0,0,1,0,2026-02-28
100429,3,11,809.9,18,1,0,1,0,2026-03-31
100429,4,6,327.84,17,0,1,0,1,2026-04-30
100429,5,7,581.93,7,1,0,0,0,2026-05-31
100429,6,10,1259.25,9,0,0,0,0,2026-06-30
100430,1,5,196.58,4,3,1,1,1,2026-01-31
100430,2,6,374.27,13,0,0,0,1,2026-02-28
100430,3,9,849.62,7,1,0,1,0,2026-03-31
100430,4,5,466.14,11,0,0,0,0,2026-04-30
100430,5,12,699.27,9,0,0,0,1,2026-05-31
100430,6,10,1144.69,11,0,1,1,0,2026-06-30
100431,1,13,899.1,9,0,0,1,0,2026-01-31
100431,2,26,768.86,19,1,0,1,0,2026-02-28
100431,3,16,1095.75,13,0,0,1,0,2026-03-31
100431,4,12,1035.48,7,0,0,1,0,2026-04-30
100431,5,14,405.37,15,0,1,1,0,2026-05-31
100431,6,20,2546.51,13,0,1,1,0,2026-06-30
100432,1,9,272.15,6,0,1,1,0,2026-01-31
100432,2,5,165.91,10,0,1,0,0,2026-02-28
100432,3,6,777.0,21,0,0,1,0,2026-03-31
100432,4,5,663.19,18,0,0,1,0,2026-04-30
100432,5,6,279.82,14,0,0,1,0,2026-05-31
100432,6,8,789.91,20,0,0,1,0,2026-06-30
100433,1,11,1437.27,13,0,0,1,0,2026-01-31
100433,2,11,237.69,7,0,0,0,0,2026-02-28
100433,3,22,739.9,9,2,0,1,0,2026-03-31
100433,4,10,559.23,9,1,0,1,0,2026-04-30
100433,5,11,1438.74,9,0,0,1,0,2026-05-31
100433,6,23,1381.97,12,0,1,0,0,2026-06-30
100434,1,23,2889.15,11,0,1,1,0,2026-01-31
100434,2,15,352.64,16,1,0,0,0,2026-02-28
100434,3,19,2203.25,18,0,0,0,0,2026-03-31
100434,4,18,1586.54,10,0,0,1,0,2026-04-30
100434,5,17,2282.8,14,0,0,1,0,2026-05-31
100434,6,22,1803.33,8,0,0,0,0,2026-06-30
100435,1,16,1509.28,12,1,0,0,0,2026-01-31
100435,2,14,1819.1,13,0,1,1,0,2026-02-28
100435,3,17,2364.38,7,0,0,0,0,2026-03-31
100435,4,23,3418.81,17,0,0,0,1,2026-04-30
100435,5,18,1040.9,15,2,1,1,0,2026-05-31
100435,6,16,1476.14,9,1,0,1,0,2026-06-30
100436,1,9,894.7,16,3,1,0,0,2026-01-31
100436,2,9,978.67,13,1,0,0,1,2026-02-28
100436,3,13,444.03,11,0,0,1,1,2026-03-31
100436,4,19,2067.68,12,0,1,0,1,2026-04-30
100436,5,14,1715.51,10,1,0,1,1,2026-05-31
100436,6,11,1422.83,16,0,0,1,0,2026-06-30
100437,1,10,857.76,10,0,0,1,0,2026-01-31
100437,2,5,606.2,4,0,0,0,1,2026-02-28
100437,3,5,180.56,11,0,0,0,0,2026-03-31
100437,4,10,690.84,8,1,0,1,0,2026-04-30
100437,5,5,615.12,6,0,0,0,0,2026-05-31
100437,6,8,751.46,12,1,0,1,0,2026-06-30
100438,1,6,369.12,6,0,1,1,0,2026-01-31
100438,2,7,938.84,16,0,0,1,0,2026-02-28
100438,3,7,852.98,5,0,0,0,0,2026-03-31
100438,4,7,749.02,5,0,0,0,0,2026-04-30
100438,5,8,1022.18,16,0,0,1,0,2026-05-31
100438,6,6,895.81,17,1,0,0,0,2026-06-30
100439,1,11,1557.58,18,0,1,1,0,2026-01-31
100439,2,15,1493.26,12,0,0,1,0,2026-02-28
100439,3,8,535.68,14,0,1,0,0,2026-03-31
100439,4,10,921.37,9,0,0,1,0,2026-04-30
100439,5,16,2371.63,18,2,0,1,0,2026-05-31
100439,6,10,1383.32,15,0,0,0,0,2026-06-30
100440,1,21,693.51,13,1,0,0,0,2026-01-31
100440,2,21,3114.68,14,2,1,0,0,2026-02-28
100440,3,29,3182.16,10,0,1,1,0,2026-03-31
100440,4,18,1466.93,17,0,0,1,0,2026-04-30
100440,5,15,1206.6,22,1,1,0,0,2026-05-31
100440,6,20,1597.21,13,1,0,0,0,2026-06-30
100441,1,11,1048.98,10,1,0,1,0,2026-01-31
100441,2,16,1421.71,23,0,1,1,0,2026-02-28
100441,3,15,1933.51,15,0,0,0,0,2026-03-31
100441,4,11,1310.71,9,0,1,0,1,2026-04-30
100441,5,10,929.76,14,0,0,1,0,2026-05-31
100441,6,21,2343.34,16,0,0,1,0,2026-06-30
100442,1,9,860.29,14,0,0,1,0,2026-01-31
100442,2,9,408.28,17,0,1,1,1,2026-02-28
100442,3,8,774.58,9,0,0,0,0,2026-03-31
100442,4,11,1273.99,9,0,0,0,0,2026-04-30
100442,5,5,499.5,11,1,0,0,0,2026-05-31
100442,6,9,1306.69,4,0,0,0,0,2026-06-30
100443,1,19,2446.33,16,1,0,1,0,2026-01-31
100443,2,20,2329.87,15,1,0,1,1,2026-02-28
100443,3,9,428.71,13,1,1,1,0,2026-03-31
100443,4,11,407.2,10,0,0,0,0,2026-04-30
100443,5,10,1333.67,12,1,1,0,0,2026-05-31
100443,6,11,676.48,15,0,1,1,0,2026-06-30
100444,1,18,1240.3,6,0,1,1,0,2026-01-31
100444,2,15,584.09,19,0,0,1,1,2026-02-28
100444,3,27,2721.3,13,0,0,1,0,2026-03-31
100444,4,23,3210.24,17,2,0,1,0,2026-04-30
100444,5,24,592.91,17,1,1,0,0,2026-05-31
100444,6,19,712.53,11,1,0,1,0,2026-06-30
100445,1,3,145.55,9,0,1,1,0,2026-01-31
100445,2,3,112.64,7,1,0,1,1,2026-02-28
100445,3,4,325.41,6,0,1,0,0,2026-03-31
100445,4,5,699.55,5,2,1,1,0,2026-04-30
100445,5,6,521.57,8,0,1,0,1,2026-05-31
100445,6,6,853.31,6,1,0,1,0,2026-06-30
100446,1,14,1044.48,13,1,0,1,0,2026-01-31
100446,2,25,2500.15,13,1,0,1,0,2026-02-28
100446,3,28,2040.63,11,1,0,0,1,2026-03-31
100446,4,26,3413.06,10,1,0,1,0,2026-04-30
100446,5,14,1588.92,14,0,1,1,0,2026-05-31
100446,6,16,1042.27,16,0,0,0,0,2026-06-30
100447,1,6,332.45,16,1,0,0,0,2026-01-31
100447,2,12,1338.14,8,1,0,1,1,2026-02-28
100447,3,5,168.51,11,1,0,0,0,2026-03-31
100447,4,9,704.24,8,0,0,1,0,2026-04-30
100447,5,11,809.21,20,1,0,1,0,2026-05-31
100447,6,9,470.31,15,0,1,1,0,2026-06-30
100448,1,10,368.5,19,0,0,1,0,2026-01-31
100448,2,7,921.48,14,0,0,1,0,2026-02-28
100448,3,9,527.99,11,0,1,1,0,2026-03-31
100448,4,11,1579.4,9,0,0,0,0,2026-04-30
100448,5,6,332.26,5,0,1,1,0,2026-05-31
100448,6,7,979.42,9,0,0,1,0,2026-06-30
100449,1,9,749.18,14,0,0,1,0,2026-01-31
100449,2,11,697.01,11,0,0,1,0,2026-02-28
100449,3,6,750.43,11,1,0,1,0,2026-03-31
100449,4,7,534.51,13,0,0,1,1,2026-04-30
100449,5,11,1623.71,5,0,1,1,0,2026-05-31
100449,6,5,624.11,9,1,1,1,0,2026-06-30
100450,1,9,578.64,12,1,0,1,0,2026-01-31
100450,2,8,606.76,17,0,1,0,0,2026-02-28
100450,3,6,437.85,10,0,1,0,0,2026-03-31
100450,4,4,449.88,24,0,1,1,0,2026-04-30
100450,5,4,475.5,7,0,0,1,0,2026-05-31
100450,6,5,601.92,10,0,0,1,0,2026-06-30
100451,1,14,1849.2,18,1,1,1,0,2026-01-31
100451,2,10,937.97,4,1,1,1,1,2026-02-28
100451,3,11,1525.69,5,0,1,0,1,2026-03-31
100451,4,10,619.11,13,0,0,0,0,2026-04-30
100451,5,10,1164.5,14,0,1,0,0,2026-05-31
100451,6,17,1373.05,6,0,0,0,0,2026-06-30
100452,1,7,925.09,5,0,1,1,0,2026-01-31
100452,2,9,358.81,7,0,0,1,0,2026-02-28
100452,3,19,440.43,17,0,0,1,0,2026-03-31
100452,4,10,1281.1,12,0,1,1,0,2026-04-30
100452,5,10,944.21,4,2,1,1,0,2026-05-31
100452,6,14,2059.72,12,0,0,0,0,2026-06-30
100453,1,11,858.53,11,0,1,0,1,2026-01-31
100453,2,16,1036.06,6,0,1,1,1,2026-02-28
100453,3,21,1628.37,10,0,1,0,0,2026-03-31
100453,4,22,2220.99,10,0,0,1,1,2026-04-30
100453,5,14,2032.9,8,1,0,0,0,2026-05-31
100453,6,18,1565.29,16,0,0,1,0,2026-06-30
100454,1,11,1541.11,15,0,0,0,0,2026-01-31
100454,2,8,785.26,9,1,0,1,0,2026-02-28
100454,3,11,522.25,6,1,0,1,0,2026-03-31
100454,4,9,806.48,16,0,1,1,0,2026-04-30
100454,5,13,962.39,18,0,1,1,0,2026-05-31
100454,6,8,1144.61,13,1,0,1,0,2026-06-30
100455,1,10,975.8,8,0,0,1,0,2026-01-31
100455,2,10,826.23,10,0,1,0,0,2026-02-28
100455,3,10,520.65,18,1,0,1,1,2026-03-31
100455,4,11,1617.81,12,0,0,0,0,2026-04-30
100455,5,7,942.35,9,0,0,1,0,2026-05-31
100455,6,13,912.15,23,0,1,0,1,2026-06-30
100456,1,6,540.48,13,0,0,1,0,2026-01-31
100456,2,13,1204.02,16,0,0,1,1,2026-02-28
100456,3,12,1143.78,12,0,1,1,0,2026-03-31
100456,4,9,1155.89,11,1,0,0,1,2026-04-30
100456,5,7,645.54,20,0,0,0,0,2026-05-31
100456,6,9,195.31,8,0,0,0,0,2026-06-30
100457,1,13,679.4,12,1,0,1,0,2026-01-31
100457,2,13,1357.74,10,0,0,1,0,2026-02-28
100457,3,26,3746.34,12,0,0,1,0,2026-03-31
100457,4,17,1228.97,5,0,0,1,0,2026-04-30
100457,5,24,2787.74,11,0,0,1,0,2026-05-31
100457,6,23,1227.23,15,0,0,1,0,2026-06-30
100458,1,7,344.21,10,0,0,1,1,2026-01-31
100458,2,11,1283.41,14,0,1,1,0,2026-02-28
100458,3,6,375.74,9,0,0,0,0,2026-03-31
100458,4,11,1621.86,12,1,1,0,0,2026-04-30
100458,5,14,2097.88,12,0,1,1,0,2026-05-31
100458,6,8,241.91,6,0,0,1,0,2026-06-30
100459,1,13,1204.66,7,0,0,1,0,2026-01-31
100459,2,14,875.34,14,0,1,1,0,2026-02-28
100459,3,15,888.11,14,0,1,1,0,2026-03-31
100459,4,13,1057.92,11,0,0,1,0,2026-04-30
100459,5,9,974.21,18,0,0,1,1,2026-05-31
100459,6,9,1280.4,8,1,1,1,0,2026-06-30
100460,1,6,514.79,14,0,0,1,0,2026-01-31
100460,2,8,307.02,9,2,0,0,0,2026-02-28
100460,3,4,278.4,7,0,1,0,0,2026-03-31
100460,4,6,318.82,21,0,0,1,0,2026-04-30
100460,5,9,482.61,20,1,1,1,1,2026-05-31
100460,6,4,311.07,9,1,1,1,1,2026-06-30
100461,1,6,678.95,12,2,0,1,1,2026-01-31
100461,2,11,1348.67,6,0,1,0,0,2026-02-28
100461,3,12,1603.65,14,1,1,0,1,2026-03-31
100461,4,15,1760.08,3,0,0,1,1,2026-04-30
100461,5,13,1855.29,9,0,0,0,1,2026-05-31
100461,6,6,249.86,10,1,0,0,0,2026-06-30
100462,1,6,693.41,7,0,0,1,0,2026-01-31
100462,2,6,543.94,7,0,0,0,1,2026-02-28
100462,3,8,524.71,12,0,0,1,0,2026-03-31
100462,4,8,980.35,15,1,0,1,1,2026-04-30
100462,5,10,713.82,18,0,1,1,1,2026-05-31
100462,6,5,331.48,15,0,0,0,0,2026-06-30
100463,1,3,155.57,10,1,0,1,0,2026-01-31
100463,2,7,895.82,7,1,1,1,0,2026-02-28
100463,3,4,243.22,17,0,0,1,0,2026-03-31
100463,4,7,582.43,11,0,0,1,0,2026-04-30
100463,5,3,142.05,16,0,1,1,0,2026-05-31
100463,6,7,747.63,12,0,0,1,1,2026-06-30
100464,1,15,1481.86,10,0,0,0,0,2026-01-31
100464,2,13,429.23,12,0,1,0,0,2026-02-28
100464,3,17,406.93,5,0,0,0,1,2026-03-31
100464,4,16,855.37,8,0,1,0,0,2026-04-30
100464,5,11,1491.63,12,0,1,1,1,2026-05-31
100464,6,16,765.08,12,0,0,0,0,2026-06-30
100465,1,26,2437.04,21,0,0,1,1,2026-01-31
100465,2,27,2424.01,16,0,1,1,0,2026-02-28
100465,3,31,1068.57,5,2,0,1,0,2026-03-31
100465,4,24,985.17,18,0,1,1,1,2026-04-30
100465,5,13,1220.11,13,0,1,1,1,2026-05-31
100465,6,15,815.78,5,0,1,0,0,2026-06-30
100466,1,20,1385.94,13,0,0,1,0,2026-01-31
100466,2,26,2532.66,10,1,0,1,1,2026-02-28
100466,3,12,503.03,16,1,1,0,0,2026-03-31
100466,4,27,3450.58,12,0,0,0,0,2026-04-30
100466,5,11,1328.89,17,0,1,1,1,2026-05-31
100466,6,22,2100.65,10,0,0,1,0,2026-06-30
100467,1,17,1567.87,9,0,0,1,0,2026-01-31
100467,2,18,1197.93,12,0,0,0,1,2026-02-28
100467,3,15,333.28,23,0,1,1,1,2026-03-31
100467,4,13,1715.35,6,0,1,0,1,2026-04-30
100467,5,18,1280.6,9,0,0,1,1,2026-05-31
100467,6,18,1695.61,15,0,0,0,0,2026-06-30
100468,1,38,5083.28,11,1,0,1,0,2026-01-31
100468,2,15,475.23,5,1,1,1,0,2026-02-28
100468,3,32,2725.04,19,1,1,1,0,2026-03-31
100468,4,28,4050.32,6,0,0,1,0,2026-04-30
100468,5,17,1137.46,14,0,0,0,0,2026-05-31
100468,6,23,3084.29,17,0,1,0,0,2026-06-30
100469,1,25,1038.21,8,0,0,1,1,2026-01-31
100469,2,15,2041.87,15,1,0,1,1,2026-02-28
100469,3,27,1877.97,15,2,0,1,0,2026-03-31
100469,4,21,1675.56,13,0,0,1,0,2026-04-30
100469,5,15,1329.67,6,0,0,0,1,2026-05-31
100469,6,19,1461.45,15,0,0,1,0,2026-06-30
100470,1,12,1277.18,13,0,0,1,0,2026-01-31
100470,2,18,1235.81,16,1,0,0,0,2026-02-28
100470,3,14,1660.94,18,1,1,0,0,2026-03-31
100470,4,12,1349.06,12,0,0,1,0,2026-04-30
100470,5,14,1679.27,10,0,1,0,1,2026-05-31
100470,6,21,1722.09,8,1,1,1,1,2026-06-30
100471,1,19,2592.77,9,0,0,1,0,2026-01-31
100471,2,16,1635.06,14,1,0,1,0,2026-02-28
100471,3,9,503.32,15,1,1,1,0,2026-03-31
100471,4,12,1219.58,10,2,0,1,1,2026-04-30
100471,5,12,1498.58,3,0,0,1,0,2026-05-31
100471,6,10,856.57,12,0,0,1,0,2026-06-30
100472,1,13,1541.07,13,2,0,0,0,2026-01-31
100472,2,6,618.8,17,0,0,0,0,2026-02-28
100472,3,14,1787.79,6,0,0,1,0,2026-03-31
100472,4,10,817.08,10,0,1,1,0,2026-04-30
100472,5,8,824.12,14,0,1,1,0,2026-05-31
100472,6,7,434.52,13,0,0,1,0,2026-06-30
100473,1,6,656.21,11,0,0,1,0,2026-01-31
100473,2,8,471.72,10,0,0,1,0,2026-02-28
100473,3,6,797.65,25,1,1,0,0,2026-03-31
100473,4,4,536.15,19,0,0,0,1,2026-04-30
100473,5,4,436.94,12,0,1,1,1,2026-05-31
100473,6,6,891.89,8,0,1,1,0,2026-06-30
100474,1,20,2179.6,8,1,0,0,0,2026-01-31
100474,2,17,828.34,8,0,1,1,0,2026-02-28
100474,3,14,1980.74,8,0,0,1,0,2026-03-31
100474,4,26,1099.1,13,2,1,0,0,2026-04-30
100474,5,12,341.19,15,0,1,1,0,2026-05-31
100474,6,11,1594.19,19,2,0,1,0,2026-06-30
100475,1,12,1447.27,18,0,1,1,0,2026-01-31
100475,2,15,910.11,9,0,0,1,0,2026-02-28
100475,3,11,518.59,19,0,1,1,0,2026-03-31
100475,4,11,889.53,21,0,0,0,0,2026-04-30
100475,5,16,1206.15,12,0,1,1,0,2026-05-31
100475,6,10,240.87,12,0,0,1,0,2026-06-30
100476,1,10,838.88,9,1,0,1,0,2026-01-31
100476,2,6,319.22,12,0,1,0,1,2026-02-28
100476,3,10,399.12,7,1,0,0,0,2026-03-31
100476,4,9,1300.71,13,1,0,1,0,2026-04-30
100476,5,7,615.74,8,0,1,1,0,2026-05-31
100476,6,10,289.83,8,1,0,1,1,2026-06-30
100477,1,13,386.53,10,0,1,1,0,2026-01-31
100477,2,28,2346.41,10,1,0,1,0,2026-02-28
100477,3,24,605.88,15,1,1,1,0,2026-03-31
100477,4,14,318.98,11,0,0,1,0,2026-04-30
100477,5,14,485.74,13,0,1,1,0,2026-05-31
100477,6,13,1294.49,6,1,0,1,0,2026-06-30
100478,1,6,497.17,14,1,0,1,0,2026-01-31
100478,2,7,269.64,22,0,1,0,0,2026-02-28
100478,3,8,1110.66,15,0,0,1,0,2026-03-31
100478,4,3,286.03,12,0,0,0,0,2026-04-30
100478,5,6,296.37,4,0,0,0,0,2026-05-31
100478,6,3,406.14,14,0,1,1,1,2026-06-30
100479,1,17,2071.78,19,0,0,1,0,2026-01-31
100479,2,15,1092.99,4,0,0,1,0,2026-02-28
100479,3,17,2017.63,11,2,0,1,0,2026-03-31
100479,4,16,1947.16,7,0,0,1,0,2026-04-30
100479,5,9,774.79,13,0,1,0,0,2026-05-31
100479,6,9,442.13,17,2,0,1,0,2026-06-30
100480,1,6,846.46,7,0,1,1,0,2026-01-31
100480,2,11,318.66,11,0,0,1,0,2026-02-28
100480,3,10,1336.96,22,1,1,0,0,2026-03-31
100480,4,14,1265.89,12,0,1,0,0,2026-04-30
100480,5,12,782.74,5,0,0,1,0,2026-05-31
100480,6,9,1241.84,13,0,1,1,0,2026-06-30
100481,1,11,1360.79,15,2,0,1,1,2026-01-31
100481,2,13,1487.87,8,0,1,0,1,2026-02-28
100481,3,19,1700.26,14,0,0,1,1,2026-03-31
100481,4,14,749.14,10,0,0,1,0,2026-04-30
100481,5,14,1350.7,11,0,0,0,1,2026-05-31
100481,6,9,1257.22,9,1,1,1,1,2026-06-30
100482,1,12,791.78,14,1,1,1,1,2026-01-31
100482,2,8,190.19,7,0,0,1,0,2026-02-28
100482,3,9,283.89,17,2,1,1,0,2026-03-31
100482,4,15,1272.62,5,1,1,1,0,2026-04-30
100482,5,15,458.85,8,1,1,1,0,2026-05-31
100482,6,14,1136.14,14,0,0,1,1,2026-06-30
100483,1,19,935.05,4,0,0,1,0,2026-01-31
100483,2,23,2941.57,13,1,0,0,1,2026-02-28
100483,3,25,3744.26,18,2,0,1,1,2026-03-31
100483,4,20,1037.52,9,0,0,1,0,2026-04-30
100483,5,16,1497.52,4,0,0,0,0,2026-05-31
100483,6,17,2392.55,13,0,0,1,1,2026-06-30
100484,1,9,257.25,14,1,0,1,0,2026-01-31
100484,2,4,581.09,9,0,0,1,0,2026-02-28
100484,3,12,878.64,8,2,0,1,0,2026-03-31
100484,4,8,165.55,13,0,1,1,0,2026-04-30
100484,5,12,1619.34,10,0,0,0,1,2026-05-31
100484,6,11,721.68,10,0,0,1,1,2026-06-30
100485,1,11,511.8,11,0,1,1,0,2026-01-31
100485,2,14,1561.35,12,0,1,1,0,2026-02-28
100485,3,17,1501.49,18,0,0,1,1,2026-03-31
100485,4,22,1007.32,10,0,0,0,0,2026-04-30
100485,5,22,3108.18,14,1,0,0,1,2026-05-31
100485,6,21,2404.82,12,1,0,1,0,2026-06-30
100486,1,9,855.46,9,0,1,0,0,2026-01-31
100486,2,7,265.0,10,1,0,0,0,2026-02-28
100486,3,8,1107.7,7,0,0,1,0,2026-03-31
100486,4,6,259.2,12,0,1,0,0,2026-04-30
100486,5,7,704.37,4,0,1,1,0,2026-05-31
100486,6,7,614.94,12,1,0,0,0,2026-06-30
100487,1,2,134.3,13,0,0,1,0,2026-01-31
100487,2,4,556.38,10,1,1,1,0,2026-02-28
100487,3,3,71.83,15,1,0,0,0,2026-03-31
100487,4,5,630.67,5,0,0,1,0,2026-04-30
100487,5,4,519.61,15,1,1,0,0,2026-05-31
100487,6,4,439.95,13,0,1,1,0,2026-06-30
100488,1,26,2762.58,11,0,0,0,0,2026-01-31
100488,2,16,1473.93,11,1,1,1,0,2026-02-28
100488,3,17,2229.37,10,0,1,1,0,2026-03-31
100488,4,16,1631.49,16,0,1,0,0,2026-04-30
100488,5,10,1036.43,8,1,0,0,0,2026-05-31
100488,6,16,1417.76,18,0,1,1,0,2026-06-30
100489,1,19,2777.9,11,1,1,1,0,2026-01-31
100489,2,21,755.3,11,0,1,1,0,2026-02-28
100489,3,16,795.47,14,0,0,0,1,2026-03-31
100489,4,15,600.28,8,0,1,0,0,2026-04-30
100489,5,22,2863.74,19,0,1,1,0,2026-05-31
100489,6,15,2021.58,13,0,0,1,0,2026-06-30
100490,1,23,1464.01,10,0,1,1,0,2026-01-31
100490,2,19,2081.35,10,0,0,1,0,2026-02-28
100490,3,11,1054.38,8,0,0,1,0,2026-03-31
100490,4,13,1840.35,27,2,0,0,0,2026-04-30
100490,5,12,424.91,8,1,1,0,0,2026-05-31
100490,6,11,984.18,22,0,0,0,0,2026-06-30
100491,1,12,359.77,16,1,1,0,0,2026-01-31
100491,2,14,1397.22,8,1,0,0,0,2026-02-28
100491,3,15,1253.99,9,0,0,1,0,2026-03-31
100491,4,12,1482.2,9,0,1,0,0,2026-04-30
100491,5,13,1883.08,14,0,1,0,0,2026-05-31
100491,6,8,1131.22,10,0,0,1,0,2026-06-30
100492,1,18,1764.28,7,0,1,0,1,2026-01-31
100492,2,13,1650.07,3,0,1,1,0,2026-02-28
100492,3,15,1753.41,19,2,1,1,0,2026-03-31
100492,4,18,581.79,8,0,0,1,1,2026-04-30
100492,5,15,1709.97,16,0,1,1,1,2026-05-31
100492,6,10,481.6,10,0,0,1,0,2026-06-30
100493,1,13,1491.06,7,0,0,0,0,2026-01-31
100493,2,18,962.56,5,0,0,1,1,2026-02-28
100493,3,9,477.07,10,0,1,0,0,2026-03-31
100493,4,16,743.3,15,0,0,0,0,2026-04-30
100493,5,9,700.7,18,1,0,1,0,2026-05-31
100493,6,9,1093.96,5,0,1,1,0,2026-06-30
100494,1,13,1291.41,8,0,1,1,0,2026-01-31
100494,2,11,1465.66,6,1,0,1,1,2026-02-28
100494,3,8,232.86,10,1,1,1,1,2026-03-31
100494,4,19,1577.85,16,0,1,1,0,2026-04-30
100494,5,18,1763.21,9,0,0,1,0,2026-05-31
100494,6,20,2910.75,12,0,0,1,0,2026-06-30
100495,1,22,1106.49,10,0,1,1,0,2026-01-31
100495,2,16,1873.35,9,1,0,1,0,2026-02-28
100495,3,12,1280.02,15,0,0,1,0,2026-03-31
100495,4,24,2242.02,14,0,0,1,0,2026-04-30
100495,5,28,3721.35,15,0,0,1,0,2026-05-31
100495,6,12,1110.82,9,2,0,1,0,2026-06-30
100496,1,10,811.52,13,1,0,1,0,2026-01-31
100496,2,9,656.34,6,0,1,1,0,2026-02-28
100496,3,14,1893.83,22,0,0,0,1,2026-03-31
100496,4,12,1221.35,6,1,0,0,1,2026-04-30
100496,5,14,1245.36,16,0,0,1,0,2026-05-31
100496,6,9,581.95,15,0,0,0,0,2026-06-30
100497,1,15,1472.05,21,0,1,0,0,2026-01-31
100497,2,9,831.97,12,0,0,1,0,2026-02-28
100497,3,6,798.76,11,0,0,1,0,2026-03-31
100497,4,10,361.49,6,0,0,1,0,2026-04-30
100497,5,9,553.72,12,1,1,1,0,2026-05-31
100497,6,8,435.01,7,2,0,0,0,2026-06-30
100498,1,20,746.95,3,0,1,0,0,2026-01-31
100498,2,11,284.38,13,1,1,1,0,2026-02-28
100498,3,18,2354.69,17,0,0,1,0,2026-03-31
100498,4,18,2120.27,13,1,1,1,0,2026-04-30
100498,5,16,1393.56,15,0,0,0,0,2026-05-31
100498,6,16,1256.77,17,0,1,1,0,2026-06-30
100499,1,15,1391.0,8,0,0,0,0,2026-01-31
100499,2,25,2621.43,20,0,0,0,0,2026-02-28
100499,3,26,1371.12,11,1,1,0,0,2026-03-31
100499,4,28,1933.82,14,0,1,1,1,2026-04-30
100499,5,29,2474.73,15,0,1,0,0,2026-05-31
100499,6,27,2693.91,9,0,0,0,0,2026-06-30
100500,1,5,331.52,13,0,0,1,1,2026-01-31
100500,2,9,860.77,7,0,1,1,1,2026-02-28
100500,3,6,869.21,12,0,0,1,0,2026-03-31
100500,4,8,505.28,7,1,1,1,0,2026-04-30
100500,5,3,258.69,10,1,0,1,0,2026-05-31
100500,6,4,488.65,17,1,1,1,0,2026-06-30
100501,1,13,261.1,11,0,1,0,0,2026-01-31
100501,2,7,471.38,16,0,0,1,0,2026-02-28
100501,3,14,867.14,8,0,1,1,0,2026-03-31
100501,4,8,1034.67,13,0,0,1,0,2026-04-30
100501,5,14,799.43,18,0,0,1,0,2026-05-31
100501,6,9,842.92,7,0,0,0,0,2026-06-30
100502,1,2,145.48,11,0,0,0,1,2026-01-31
100502,2,4,282.41,17,0,1,1,0,2026-02-28
100502,3,3,68.57,13,1,1,1,0,2026-03-31
100502,4,3,256.12,8,1,0,1,0,2026-04-30
100502,5,4,318.29,13,1,0,0,0,2026-05-31
100502,6,3,157.46,10,0,0,1,0,2026-06-30
100503,1,5,656.73,11,0,0,0,0,2026-01-31
100503,2,4,140.35,5,1,0,1,1,2026-02-28
100503,3,7,732.66,9,0,0,1,1,2026-03-31
100503,4,5,335.28,16,0,0,1,0,2026-04-30
100503,5,5,261.6,10,2,1,1,0,2026-05-31
100503,6,3,111.59,22,1,0,1,0,2026-06-30
100504,1,23,1130.53,9,1,0,0,0,2026-01-31
100504,2,19,736.62,15,1,0,1,1,2026-02-28
100504,3,11,688.43,12,0,1,0,0,2026-03-31
100504,4,20,673.79,17,0,1,0,0,2026-04-30
100504,5,20,1853.79,14,0,0,1,0,2026-05-31
100504,6,12,521.85,11,0,0,0,0,2026-06-30
100505,1,19,1024.94,14,0,0,0,0,2026-01-31
100505,2,21,2681.64,11,1,0,1,0,2026-02-28
100505,3,12,927.66,8,0,1,0,1,2026-03-31
100505,4,21,1330.33,16,1,0,0,0,2026-04-30
100505,5,25,1801.86,13,0,0,0,0,2026-05-31
100505,6,22,1523.77,13,0,1,1,0,2026-06-30
100506,1,19,2109.11,12,0,1,0,0,2026-01-31
100506,2,17,2346.75,11,0,1,1,1,2026-02-28
100506,3,29,771.57,10,1,0,1,0,2026-03-31
100506,4,28,2264.46,8,0,1,0,0,2026-04-30
100506,5,19,1001.16,8,1,0,0,0,2026-05-31
100506,6,30,3645.66,8,0,1,0,0,2026-06-30
100507,1,31,1579.69,11,0,0,1,0,2026-01-31
100507,2,26,2908.05,15,0,0,1,0,2026-02-28
100507,3,19,584.62,9,2,0,1,1,2026-03-31
100507,4,26,2600.74,11,0,0,0,1,2026-04-30
100507,5,18,735.85,8,0,0,1,0,2026-05-31
100507,6,23,1379.12,16,2,0,1,0,2026-06-30
100508,1,6,656.89,15,0,1,0,0,2026-01-31
100508,2,8,723.17,8,0,0,0,0,2026-02-28
100508,3,4,84.15,21,2,0,1,0,2026-03-31
100508,4,8,1184.53,14,0,0,1,0,2026-04-30
100508,5,8,601.01,19,0,1,0,0,2026-05-31
100508,6,3,331.8,7,1,1,1,1,2026-06-30
100509,1,9,536.36,17,0,0,1,0,2026-01-31
100509,2,11,510.71,12,0,0,1,0,2026-02-28
100509,3,10,1157.52,20,0,0,1,1,2026-03-31
100509,4,8,1184.63,18,2,0,1,0,2026-04-30
100509,5,19,2603.35,10,0,1,1,0,2026-05-31
100509,6,12,413.28,4,0,0,1,0,2026-06-30
100510,1,14,2092.41,14,2,0,1,0,2026-01-31
100510,2,29,2211.44,16,0,1,1,0,2026-02-28
100510,3,12,838.66,20,0,0,0,1,2026-03-31
100510,4,26,712.64,13,0,1,1,0,2026-04-30
100510,5,22,3146.89,14,0,1,0,0,2026-05-31
100510,6,20,2735.65,13,0,1,1,0,2026-06-30
100511,1,13,586.62,4,0,0,1,0,2026-01-31
100511,2,12,1540.33,6,2,0,1,0,2026-02-28
100511,3,13,1154.61,10,0,0,1,0,2026-03-31
100511,4,16,340.53,9,0,0,0,0,2026-04-30
100511,5,19,2215.28,5,0,0,1,0,2026-05-31
100511,6,12,1046.34,9,0,0,1,0,2026-06-30
100512,1,5,570.51,5,0,0,1,0,2026-01-31
100512,2,6,190.21,21,0,0,1,0,2026-02-28
100512,3,6,316.53,10,1,0,1,0,2026-03-31
100512,4,6,225.38,18,0,0,1,0,2026-04-30
100512,5,4,556.07,11,1,0,0,1,2026-05-31
100512,6,5,699.18,17,0,1,1,0,2026-06-30
100513,1,10,981.43,11,0,1,1,0,2026-01-31
100513,2,9,1240.61,13,0,0,1,0,2026-02-28
100513,3,10,855.31,5,1,1,1,1,2026-03-31
100513,4,13,1141.5,10,0,0,1,0,2026-04-30
100513,5,11,530.82,3,0,0,0,1,2026-05-31
100513,6,9,429.25,8,0,0,0,1,2026-06-30
100514,1,25,3412.95,19,0,1,0,0,2026-01-31
100514,2,21,1560.81,8,1,0,1,0,2026-02-28
100514,3,22,521.4,10,0,0,1,0,2026-03-31
100514,4,24,3277.78,14,1,0,1,0,2026-04-30
100514,5,15,1831.95,11,1,0,0,0,2026-05-31
100514,6,21,1991.75,8,0,1,1,0,2026-06-30
100515,1,6,718.32,16,0,0,1,0,2026-01-31
100515,2,6,798.45,12,0,0,1,0,2026-02-28
100515,3,6,316.24,16,0,0,0,0,2026-03-31
100515,4,12,338.33,15,1,0,0,0,2026-04-30
100515,5,7,277.68,8,1,0,1,1,2026-05-31
100515,6,7,392.83,13,0,0,1,0,2026-06-30
100516,1,10,1294.26,8,0,1,1,0,2026-01-31
100516,2,7,954.03,15,1,0,1,0,2026-02-28
100516,3,6,282.39,19,0,1,1,1,2026-03-31
100516,4,10,1006.2,8,0,0,1,0,2026-04-30
100516,5,10,1344.8,7,0,1,0,0,2026-05-31
100516,6,11,621.13,3,0,0,0,0,2026-06-30
100517,1,18,2154.15,12,2,1,0,1,2026-01-31
100517,2,18,2005.98,17,0,0,0,0,2026-02-28
100517,3,11,1314.0,11,1,0,0,0,2026-03-31
100517,4,22,1127.5,19,0,1,0,0,2026-04-30
100517,5,20,2439.0,10,2,1,0,0,2026-05-31
100517,6,14,959.06,13,2,0,1,0,2026-06-30
100518,1,9,304.43,13,0,0,1,0,2026-01-31
100518,2,17,431.66,11,1,0,0,1,2026-02-28
100518,3,21,1723.93,12,1,0,1,0,2026-03-31
100518,4,22,1200.52,8,0,1,1,0,2026-04-30
100518,5,17,612.21,10,0,1,1,0,2026-05-31
100518,6,12,1488.72,13,0,0,1,0,2026-06-30
100519,1,5,237.32,10,0,0,1,0,2026-01-31
100519,2,10,380.09,10,0,1,1,0,2026-02-28
100519,3,11,992.26,17,0,0,1,0,2026-03-31
100519,4,5,741.12,16,1,1,1,0,2026-04-30
100519,5,6,411.17,12,0,0,0,0,2026-05-31
100519,6,6,856.59,10,1,0,1,0,2026-06-30
100520,1,4,271.41,17,2,0,1,1,2026-01-31
100520,2,5,376.97,10,2,0,1,0,2026-02-28
100520,3,5,448.65,19,0,1,1,0,2026-03-31
100520,4,5,169.85,13,0,0,1,0,2026-04-30
100520,5,6,157.62,14,0,0,1,1,2026-05-31
100520,6,6,771.14,11,0,1,1,0,2026-06-30
100521,1,5,340.24,7,2,0,1,0,2026-01-31
100521,2,3,246.23,18,0,1,1,1,2026-02-28
100521,3,3,264.5,10,0,1,0,0,2026-03-31
100521,4,6,672.72,13,0,1,1,0,2026-04-30
100521,5,6,759.05,3,0,0,1,0,2026-05-31
100521,6,6,214.63,15,0,0,1,0,2026-06-30
100522,1,8,262.69,14,1,1,1,1,2026-01-31
100522,2,7,546.65,14,0,0,1,0,2026-02-28
100522,3,7,588.37,13,0,1,1,0,2026-03-31
100522,4,8,172.82,17,0,0,1,0,2026-04-30
100522,5,7,785.8,15,0,1,1,0,2026-05-31
100522,6,3,155.81,12,0,0,1,0,2026-06-30
100523,1,20,2012.24,11,0,1,0,0,2026-01-31
100523,2,20,1125.2,10,1,0,0,0,2026-02-28
100523,3,15,1554.41,12,0,1,0,0,2026-03-31
100523,4,20,541.46,14,2,1,0,1,2026-04-30
100523,5,19,2007.0,5,0,0,1,1,2026-05-31
100523,6,21,1313.96,7,1,1,0,0,2026-06-30
100524,1,7,247.05,7,0,1,0,0,2026-01-31
100524,2,9,1346.07,5,0,0,1,0,2026-02-28
100524,3,7,877.14,8,1,0,1,0,2026-03-31
100524,4,11,1477.37,10,0,1,1,0,2026-04-30
100524,5,11,660.76,14,1,0,0,0,2026-05-31
100524,6,12,1239.89,9,0,1,1,0,2026-06-30
100525,1,7,993.08,8,3,0,0,0,2026-01-31
100525,2,6,319.43,19,0,1,0,0,2026-02-28
100525,3,6,494.62,20,0,0,1,0,2026-03-31
100525,4,11,584.27,10,1,0,1,0,2026-04-30
100525,5,7,861.29,5,1,0,0,1,2026-05-31
100525,6,9,1123.65,5,0,0,1,0,2026-06-30
100526,1,7,508.14,10,1,0,0,0,2026-01-31
100526,2,3,425.81,9,0,1,1,0,2026-02-28
100526,3,6,325.32,6,3,1,1,0,2026-03-31
100526,4,5,641.12,12,2,1,1,0,2026-04-30
100526,5,5,320.65,19,0,1,1,0,2026-05-31
100526,6,3,406.98,19,1,0,0,1,2026-06-30
100527,1,12,1528.65,14,0,0,0,0,2026-01-31
100527,2,14,1907.02,8,1,1,1,0,2026-02-28
100527,3,11,1023.25,11,2,0,1,0,2026-03-31
100527,4,26,1482.2,15,1,1,1,0,2026-04-30
100527,5,17,2191.87,10,0,1,1,0,2026-05-31
100527,6,17,993.98,19,1,0,1,0,2026-06-30
100528,1,18,2161.81,4,1,0,1,0,2026-01-31
100528,2,17,2152.98,13,0,0,0,1,2026-02-28
100528,3,17,1880.8,11,0,0,0,0,2026-03-31
100528,4,16,704.03,15,0,1,1,1,2026-04-30
100528,5,15,729.55,11,0,1,0,0,2026-05-31
100528,6,11,1623.46,9,0,0,1,0,2026-06-30
100529,1,7,980.94,7,0,1,1,0,2026-01-31
100529,2,5,692.44,18,2,1,1,0,2026-02-28
100529,3,6,429.91,9,0,1,1,0,2026-03-31
100529,4,9,981.0,5,0,1,0,1,2026-04-30
100529,5,7,888.53,20,1,1,1,0,2026-05-31
100529,6,10,1131.48,14,0,0,1,0,2026-06-30
100530,1,12,1357.61,10,0,1,1,0,2026-01-31
100530,2,14,436.41,6,1,0,1,0,2026-02-28
100530,3,13,345.19,15,1,0,1,1,2026-03-31
100530,4,8,962.03,5,2,0,1,0,2026-04-30
100530,5,15,1716.37,12,1,0,1,0,2026-05-31
100530,6,9,443.57,12,1,1,1,0,2026-06-30
100531,1,13,1346.5,13,0,0,1,0,2026-01-31
100531,2,26,1581.51,11,2,0,0,0,2026-02-28
100531,3,32,867.85,10,0,0,1,1,2026-03-31
100531,4,16,2028.05,15,1,0,1,0,2026-04-30
100531,5,16,1807.02,19,0,1,1,0,2026-05-31
100531,6,26,3356.31,16,1,1,1,0,2026-06-30
100532,1,16,1983.61,7,0,1,0,0,2026-01-31
100532,2,14,1398.15,10,1,0,1,0,2026-02-28
100532,3,13,1352.51,8,0,0,0,1,2026-03-31
100532,4,15,1555.28,12,0,1,1,0,2026-04-30
100532,5,13,1674.54,24,1,0,0,0,2026-05-31
100532,6,7,322.58,8,0,0,1,1,2026-06-30
100533,1,21,1502.45,22,0,1,1,1,2026-01-31
100533,2,23,1561.19,13,1,1,1,0,2026-02-28
100533,3,11,836.94,6,0,0,1,0,2026-03-31
100533,4,13,399.8,14,0,0,1,0,2026-04-30
100533,5,21,2053.73,12,1,0,0,0,2026-05-31
100533,6,12,754.33,13,1,1,0,0,2026-06-30
100534,1,10,605.62,4,0,0,1,0,2026-01-31
100534,2,20,667.18,9,0,1,1,1,2026-02-28
100534,3,8,410.76,11,1,1,1,0,2026-03-31
100534,4,18,1469.68,10,0,1,1,0,2026-04-30
100534,5,11,276.9,12,0,1,1,0,2026-05-31
100534,6,18,1388.77,6,0,0,1,0,2026-06-30
100535,1,5,417.83,19,2,0,1,0,2026-01-31
100535,2,11,1491.06,10,0,1,1,0,2026-02-28
100535,3,10,1203.46,13,0,0,0,1,2026-03-31
100535,4,5,634.7,17,0,0,1,0,2026-04-30
100535,5,6,688.09,21,0,1,0,0,2026-05-31
100535,6,9,1028.45,23,2,1,0,0,2026-06-30
100536,1,21,1251.82,11,0,0,1,1,2026-01-31
100536,2,19,953.47,10,0,1,1,1,2026-02-28
100536,3,12,1191.91,12,0,1,1,0,2026-03-31
100536,4,17,1572.9,17,0,1,1,1,2026-04-30
100536,5,8,826.37,10,0,0,0,1,2026-05-31
100536,6,9,518.44,13,0,0,1,0,2026-06-30
100537,1,8,241.98,5,0,1,1,0,2026-01-31
100537,2,6,509.98,17,2,0,1,1,2026-02-28
100537,3,14,601.39,11,0,1,1,0,2026-03-31
100537,4,10,298.31,10,0,0,1,0,2026-04-30
100537,5,9,1321.74,18,0,1,0,0,2026-05-31
100537,6,8,391.58,8,0,0,0,0,2026-06-30
100538,1,16,467.48,13,1,1,1,1,2026-01-31
100538,2,10,890.36,9,3,0,1,0,2026-02-28
100538,3,11,271.61,11,0,1,1,0,2026-03-31
100538,4,12,556.25,13,1,0,1,0,2026-04-30
100538,5,13,1756.1,7,0,0,1,0,2026-05-31
100538,6,12,888.16,9,1,0,0,0,2026-06-30
100539,1,8,929.33,12,1,1,1,0,2026-01-31
100539,2,15,723.77,7,1,1,1,0,2026-02-28
100539,3,9,327.74,19,0,0,1,0,2026-03-31
100539,4,13,1101.89,11,1,0,1,0,2026-04-30
100539,5,10,990.55,6,0,0,0,1,2026-05-31
100539,6,9,1152.25,8,1,0,1,0,2026-06-30
100540,1,6,706.4,6,0,0,1,0,2026-01-31
100540,2,7,462.73,23,1,1,1,0,2026-02-28
100540,3,9,425.57,16,0,0,0,1,2026-03-31
100540,4,8,1043.4,7,0,1,1,0,2026-04-30
100540,5,8,308.99,14,0,0,1,0,2026-05-31
100540,6,3,398.96,10,1,0,1,0,2026-06-30
100541,1,3,158.14,14,1,0,1,0,2026-01-31
100541,2,6,641.1,25,0,0,1,0,2026-02-28
100541,3,4,107.49,9,0,1,0,0,2026-03-31
100541,4,6,264.85,15,0,0,0,0,2026-04-30
100541,5,3,253.38,9,0,1,0,0,2026-05-31
100541,6,6,335.6,5,0,0,0,0,2026-06-30
100542,1,17,1495.88,8,2,1,1,0,2026-01-31
100542,2,15,986.38,5,0,1,0,0,2026-02-28
100542,3,8,537.4,16,0,0,1,1,2026-03-31
100542,4,20,2601.23,14,0,1,1,1,2026-04-30
100542,5,17,676.62,9,1,1,1,1,2026-05-31
100542,6,11,375.81,13,0,0,1,0,2026-06-30
100543,1,13,1569.06,10,1,1,1,1,2026-01-31
100543,2,17,1054.78,14,0,1,0,0,2026-02-28
100543,3,15,651.07,16,0,0,1,0,2026-03-31
100543,4,10,1344.55,15,0,1,0,1,2026-04-30
100543,5,17,784.07,12,0,0,1,0,2026-05-31
100543,6,20,2917.69,5,0,1,1,0,2026-06-30
100544,1,20,1120.89,8,1,0,0,0,2026-01-31
100544,2,28,3130.91,10,0,1,1,0,2026-02-28
100544,3,15,975.64,27,1,1,1,0,2026-03-31
100544,4,29,1387.47,11,1,0,1,0,2026-04-30
100544,5,18,1491.68,15,0,0,1,0,2026-05-31
100544,6,27,3557.76,14,0,1,0,0,2026-06-30
100545,1,13,513.92,15,0,0,1,0,2026-01-31
100545,2,21,2761.52,9,0,0,1,0,2026-02-28
100545,3,13,1037.68,11,0,1,1,0,2026-03-31
100545,4,13,1157.0,11,0,0,1,0,2026-04-30
100545,5,13,1522.0,4,0,0,0,0,2026-05-31
100545,6,26,1570.58,15,0,1,1,1,2026-06-30
100546,1,11,862.66,4,0,0,1,0,2026-01-31
100546,2,10,854.44,11,1,1,1,0,2026-02-28
100546,3,10,582.63,16,0,0,0,1,2026-03-31
100546,4,9,1074.99,12,0,0,0,1,2026-04-30
100546,5,13,775.31,16,0,1,0,1,2026-05-31
100546,6,14,996.74,16,0,0,1,1,2026-06-30
100547,1,12,1380.39,12,1,0,1,0,2026-01-31
100547,2,10,498.1,10,1,0,1,0,2026-02-28
100547,3,15,1893.13,16,0,0,1,1,2026-03-31
100547,4,11,548.63,12,0,0,1,0,2026-04-30
100547,5,8,954.44,9,2,0,0,0,2026-05-31
100547,6,12,831.78,11,0,0,0,0,2026-06-30
100548,1,28,1671.8,17,0,0,1,0,2026-01-31
100548,2,13,1009.53,9,0,0,0,0,2026-02-28
100548,3,25,2618.61,11,1,0,1,0,2026-03-31
100548,4,17,560.64,5,1,0,0,0,2026-04-30
100548,5,26,3234.05,9,0,0,1,0,2026-05-31
100548,6,24,481.91,6,0,0,1,0,2026-06-30
100549,1,11,1179.35,17,0,0,1,0,2026-01-31
100549,2,9,382.35,11,0,0,1,1,2026-02-28
100549,3,7,1033.89,8,0,0,1,0,2026-03-31
100549,4,7,755.13,16,0,0,0,0,2026-04-30
100549,5,11,365.85,14,0,0,0,1,2026-05-31
100549,6,8,459.23,13,0,1,0,0,2026-06-30
100550,1,4,522.14,19,0,0,0,0,2026-01-31
100550,2,3,348.94,8,1,1,0,0,2026-02-28
100550,3,5,660.77,5,0,0,1,0,2026-03-31
100550,4,3,313.94,23,2,1,0,0,2026-04-30
100550,5,3,250.25,10,0,0,1,1,2026-05-31
100550,6,3,273.67,10,0,0,1,0,2026-06-30
100551,1,25,3130.04,12,1,1,1,0,2026-01-31
100551,2,19,1239.06,4,0,0,1,0,2026-02-28
100551,3,21,679.78,14,2,1,1,0,2026-03-31
100551,4,24,617.69,11,1,0,0,0,2026-04-30
100551,5,22,2038.94,12,0,1,1,0,2026-05-31
100551,6,11,1006.99,10,0,0,1,0,2026-06-30
100552,1,7,422.4,18,0,0,1,0,2026-01-31
100552,2,9,363.38,9,0,1,0,1,2026-02-28
100552,3,5,482.02,17,2,0,1,1,2026-03-31
100552,4,8,392.46,5,0,0,1,0,2026-04-30
100552,5,6,392.07,10,0,0,1,0,2026-05-31
100552,6,6,614.76,6,0,0,1,1,2026-06-30
100553,1,29,3227.44,16,0,0,0,0,2026-01-31
100553,2,23,3230.13,12,0,0,0,1,2026-02-28
100553,3,24,1673.95,14,0,0,1,0,2026-03-31
100553,4,12,1433.99,8,0,0,1,0,2026-04-30
100553,5,20,1915.12,16,0,0,1,0,2026-05-31
100553,6,22,2978.53,19,0,0,1,0,2026-06-30
100554,1,16,925.18,5,0,1,1,1,2026-01-31
100554,2,22,3193.61,8,0,0,0,0,2026-02-28
100554,3,18,971.01,9,1,0,1,0,2026-03-31
100554,4,16,912.89,8,0,1,0,0,2026-04-30
100554,5,12,354.3,19,0,0,1,1,2026-05-31
100554,6,28,1987.5,13,1,0,1,0,2026-06-30
100555,1,13,604.55,25,0,1,0,0,2026-01-31
100555,2,15,730.9,16,0,0,1,0,2026-02-28
100555,3,10,1160.82,10,1,1,0,1,2026-03-31
100555,4,14,1425.1,12,0,0,1,1,2026-04-30
100555,5,13,1754.88,12,0,1,1,1,2026-05-31
100555,6,12,1546.47,11,0,0,1,0,2026-06-30
100556,1,11,1398.07,10,1,0,1,1,2026-01-31
100556,2,17,643.48,12,1,0,1,0,2026-02-28
100556,3,16,533.86,12,0,1,0,0,2026-03-31
100556,4,10,879.51,11,1,1,1,0,2026-04-30
100556,5,12,612.31,10,0,0,0,0,2026-05-31
100556,6,17,1768.68,11,1,1,1,1,2026-06-30
100557,1,7,284.5,9,1,0,0,0,2026-01-31
100557,2,4,414.56,14,0,0,0,1,2026-02-28
100557,3,9,391.86,9,0,0,1,0,2026-03-31
100557,4,4,247.15,15,1,0,1,0,2026-04-30
100557,5,11,1192.1,7,0,1,1,0,2026-05-31
100557,6,5,130.23,10,1,0,0,0,2026-06-30
100558,1,16,549.05,10,0,0,1,0,2026-01-31
100558,2,17,1931.09,7,1,0,1,1,2026-02-28
100558,3,11,339.72,13,2,1,0,0,2026-03-31
100558,4,19,1009.92,10,0,0,1,0,2026-04-30
100558,5,13,1326.45,13,0,0,1,0,2026-05-31
100558,6,21,857.73,10,0,0,1,1,2026-06-30
100559,1,17,730.13,6,0,1,1,0,2026-01-31
100559,2,7,1011.34,12,0,0,1,0,2026-02-28
100559,3,8,513.49,3,1,0,1,1,2026-03-31
100559,4,12,510.2,8,0,0,1,1,2026-04-30
100559,5,11,728.71,15,2,0,1,0,2026-05-31
100559,6,12,649.39,11,2,0,1,0,2026-06-30
100560,1,5,657.5,6,0,0,1,1,2026-01-31
100560,2,5,509.07,16,0,0,1,1,2026-02-28
100560,3,10,559.41,6,1,1,1,0,2026-03-31
100560,4,12,842.65,13,0,0,1,0,2026-04-30
100560,5,9,941.51,11,0,0,1,0,2026-05-31
100560,6,6,809.6,7,1,1,1,1,2026-06-30
100561,1,22,3189.42,14,0,0,1,0,2026-01-31
100561,2,28,2948.82,11,1,0,1,0,2026-02-28
100561,3,30,2379.38,19,1,0,0,0,2026-03-31
100561,4,17,1056.02,6,1,1,1,0,2026-04-30
100561,5,12,1052.39,7,2,1,1,0,2026-05-31
100561,6,10,388.47,9,1,0,1,0,2026-06-30
100562,1,14,1176.37,9,1,0,0,1,2026-01-31
100562,2,24,1174.72,13,0,0,1,1,2026-02-28
100562,3,29,3695.02,5,0,0,0,0,2026-03-31
100562,4,34,1367.62,18,0,0,0,0,2026-04-30
100562,5,33,1164.15,10,1,0,1,0,2026-05-31
100562,6,22,2506.64,9,2,1,0,1,2026-06-30
100563,1,9,220.89,11,0,0,1,0,2026-01-31
100563,2,9,472.54,8,1,0,1,0,2026-02-28
100563,3,7,503.55,14,0,0,1,0,2026-03-31
100563,4,7,874.72,9,0,0,1,1,2026-04-30
100563,5,9,813.97,9,0,0,0,0,2026-05-31
100563,6,7,1041.61,18,0,1,1,0,2026-06-30
100564,1,19,522.82,14,3,1,0,0,2026-01-31
100564,2,14,1768.42,18,0,1,1,0,2026-02-28
100564,3,13,489.69,8,0,1,0,0,2026-03-31
100564,4,27,3302.93,19,0,0,1,0,2026-04-30
100564,5,22,623.15,6,2,1,0,0,2026-05-31
100564,6,27,2176.37,17,1,1,1,0,2026-06-30
100565,1,13,1162.34,9,0,0,0,0,2026-01-31
100565,2,7,683.35,12,0,1,0,1,2026-02-28
100565,3,8,676.77,6,1,1,1,1,2026-03-31
100565,4,7,283.42,20,0,1,1,0,2026-04-30
100565,5,15,1865.69,18,0,1,1,0,2026-05-31
100565,6,15,597.4,13,1,1,0,0,2026-06-30
100566,1,13,728.73,14,1,0,1,0,2026-01-31
100566,2,8,484.78,7,0,0,1,0,2026-02-28
100566,3,20,2872.06,4,0,0,1,0,2026-03-31
100566,4,12,1436.92,11,1,0,1,0,2026-04-30
100566,5,21,1320.72,13,0,1,1,0,2026-05-31
100566,6,19,2260.24,8,0,0,1,0,2026-06-30
100567,1,7,275.9,10,0,1,1,0,2026-01-31
100567,2,7,660.16,15,0,1,1,0,2026-02-28
100567,3,9,782.87,12,0,0,1,0,2026-03-31
100567,4,5,308.02,4,2,0,1,0,2026-04-30
100567,5,7,893.66,13,0,1,1,0,2026-05-31
100567,6,9,1060.09,4,2,0,1,0,2026-06-30
100568,1,17,765.82,14,0,0,1,0,2026-01-31
100568,2,25,978.82,13,0,1,1,0,2026-02-28
100568,3,21,2076.92,23,0,0,1,0,2026-03-31
100568,4,18,2188.87,8,1,1,1,0,2026-04-30
100568,5,35,3149.91,13,0,0,1,0,2026-05-31
100568,6,36,1576.53,16,1,0,0,0,2026-06-30
100569,1,9,1142.87,14,1,0,1,0,2026-01-31
100569,2,18,1856.32,11,0,0,0,0,2026-02-28
100569,3,17,1436.0,9,1,0,1,0,2026-03-31
100569,4,20,708.18,13,0,1,1,0,2026-04-30
100569,5,12,383.71,9,0,0,1,0,2026-05-31
100569,6,13,1793.53,26,1,1,0,0,2026-06-30
100570,1,16,1921.16,15,1,0,0,1,2026-01-31
100570,2,12,253.92,11,0,1,1,0,2026-02-28
100570,3,13,475.8,13,0,0,0,0,2026-03-31
100570,4,16,1737.73,17,0,0,1,0,2026-04-30
100570,5,13,602.56,14,0,1,1,0,2026-05-31
100570,6,16,981.25,10,1,0,1,0,2026-06-30
100571,1,16,2198.92,7,0,0,1,0,2026-01-31
100571,2,19,1165.61,6,0,0,1,0,2026-02-28
100571,3,21,1672.01,6,0,0,1,1,2026-03-31
100571,4,15,430.88,11,1,0,1,0,2026-04-30
100571,5,10,399.71,7,1,0,0,0,2026-05-31
100571,6,11,1605.86,7,0,0,0,0,2026-06-30
100572,1,33,2452.21,10,0,0,1,0,2026-01-31
100572,2,20,2314.83,11,1,0,1,0,2026-02-28
100572,3,16,1830.84,11,2,1,0,1,2026-03-31
100572,4,33,3630.51,10,0,1,1,1,2026-04-30
100572,5,18,950.65,17,0,1,0,0,2026-05-31
100572,6,14,1222.67,4,0,1,1,0,2026-06-30
100573,1,6,552.7,13,0,0,1,0,2026-01-31
100573,2,10,1467.51,19,0,1,1,0,2026-02-28
100573,3,6,505.23,8,0,1,1,0,2026-03-31
100573,4,9,689.92,16,1,1,0,1,2026-04-30
100573,5,11,1283.28,13,0,1,1,0,2026-05-31
100573,6,11,1327.94,9,0,0,1,0,2026-06-30
100574,1,9,541.6,13,0,0,0,0,2026-01-31
100574,2,5,575.45,15,1,0,1,0,2026-02-28
100574,3,8,974.11,16,1,1,0,0,2026-03-31
100574,4,9,842.84,12,1,0,0,0,2026-04-30
100574,5,6,417.18,13,1,0,1,0,2026-05-31
100574,6,7,625.93,12,0,0,0,0,2026-06-30
100575,1,5,394.41,11,0,1,0,0,2026-01-31
100575,2,3,86.67,19,0,1,1,0,2026-02-28
100575,3,5,169.26,11,0,0,1,0,2026-03-31
100575,4,2,289.18,2,0,1,1,0,2026-04-30
100575,5,6,267.73,13,1,0,1,0,2026-05-31
100575,6,4,122.68,13,0,1,0,1,2026-06-30
100576,1,13,1694.28,12,0,0,0,0,2026-01-31
100576,2,11,273.04,10,0,0,1,1,2026-02-28
100576,3,10,995.77,14,1,0,1,0,2026-03-31
100576,4,6,494.33,18,0,0,1,0,2026-04-30
100576,5,7,630.66,23,0,0,1,0,2026-05-31
100576,6,9,980.81,7,0,1,1,0,2026-06-30
100577,1,12,1544.66,8,0,1,1,0,2026-01-31
100577,2,13,1060.35,4,0,1,1,0,2026-02-28
100577,3,7,587.86,10,0,0,1,0,2026-03-31
100577,4,9,212.08,12,0,1,1,0,2026-04-30
100577,5,9,362.44,16,0,1,1,0,2026-05-31
100577,6,12,556.64,14,2,0,0,0,2026-06-30
100578,1,10,1239.19,10,0,0,1,0,2026-01-31
100578,2,10,882.51,12,0,0,0,0,2026-02-28
100578,3,11,310.62,6,1,1,1,0,2026-03-31
100578,4,7,221.67,12,0,1,0,0,2026-04-30
100578,5,12,775.2,13,0,0,1,0,2026-05-31
100578,6,13,1339.3,19,2,0,0,0,2026-06-30
100579,1,25,1360.22,5,0,0,1,1,2026-01-31
100579,2,13,415.06,19,0,1,1,0,2026-02-28
100579,3,19,2770.43,15,0,0,1,0,2026-03-31
100579,4,13,1384.11,20,2,0,1,0,2026-04-30
100579,5,14,1502.0,6,0,0,0,0,2026-05-31
100579,6,15,1449.2,15,0,1,1,0,2026-06-30
100580,1,4,167.73,8,0,0,1,0,2026-01-31
100580,2,7,733.78,11,0,1,1,0,2026-02-28
100580,3,5,708.29,9,0,1,1,0,2026-03-31
100580,4,5,308.88,10,0,0,1,1,2026-04-30
100580,5,4,96.38,20,0,1,1,1,2026-05-31
100580,6,7,635.8,8,0,0,0,0,2026-06-30
100581,1,5,452.83,21,1,0,0,0,2026-01-31
100581,2,12,792.31,7,0,0,1,1,2026-02-28
100581,3,5,642.52,18,0,0,0,0,2026-03-31
100581,4,5,565.48,18,1,0,0,1,2026-04-30
100581,5,8,385.86,18,0,1,1,0,2026-05-31
100581,6,9,395.7,7,1,0,0,0,2026-06-30
100582,1,11,908.39,11,0,1,1,1,2026-01-31
100582,2,14,1849.47,8,0,1,1,0,2026-02-28
100582,3,9,574.38,18,0,1,1,1,2026-03-31
100582,4,14,1424.64,7,0,0,1,0,2026-04-30
100582,5,14,1342.55,9,0,0,0,0,2026-05-31
100582,6,13,454.51,21,0,0,1,0,2026-06-30
100583,1,12,1057.83,8,0,0,1,0,2026-01-31
100583,2,30,2284.38,22,0,0,1,0,2026-02-28
100583,3,18,1369.4,8,2,0,1,1,2026-03-31
100583,4,28,2608.35,15,1,1,0,0,2026-04-30
100583,5,31,1872.61,7,2,0,1,1,2026-05-31
100583,6,16,933.33,22,1,0,0,0,2026-06-30
100584,1,7,268.51,8,1,1,0,0,2026-01-31
100584,2,6,258.78,16,0,0,0,0,2026-02-28
100584,3,4,190.07,8,0,1,1,0,2026-03-31
100584,4,8,746.21,9,0,1,1,0,2026-04-30
100584,5,6,336.59,18,1,0,1,1,2026-05-31
100584,6,7,361.5,17,0,1,0,0,2026-06-30
100585,1,13,1230.95,9,1,1,1,0,2026-01-31
100585,2,14,1010.53,6,0,0,1,0,2026-02-28
100585,3,16,1527.92,11,0,0,0,0,2026-03-31
100585,4,19,409.04,19,0,0,1,0,2026-04-30
100585,5,12,1680.73,13,0,0,1,0,2026-05-31
100585,6,23,3202.58,16,0,0,1,1,2026-06-30
100586,1,11,769.09,11,0,1,1,0,2026-01-31
100586,2,11,249.51,8,0,0,0,1,2026-02-28
100586,3,19,1340.93,12,1,0,0,0,2026-03-31
100586,4,16,2088.5,11,0,0,0,1,2026-04-30
100586,5,19,2400.26,5,0,0,0,0,2026-05-31
100586,6,13,1089.21,13,0,0,1,1,2026-06-30
100587,1,6,607.63,8,1,1,1,0,2026-01-31
100587,2,7,677.07,11,1,1,1,0,2026-02-28
100587,3,4,570.25,12,0,0,1,0,2026-03-31
100587,4,10,1174.26,6,1,0,0,0,2026-04-30
100587,5,11,1216.71,16,2,0,1,0,2026-05-31
100587,6,6,142.49,6,1,0,1,0,2026-06-30
100588,1,10,368.8,7,1,0,1,1,2026-01-31
100588,2,13,745.41,20,2,0,0,0,2026-02-28
100588,3,8,325.34,8,1,0,1,1,2026-03-31
100588,4,14,1140.47,14,0,0,0,0,2026-04-30
100588,5,9,275.23,13,1,0,0,0,2026-05-31
100588,6,13,1596.86,10,0,0,1,0,2026-06-30
100589,1,2,183.44,10,1,1,1,0,2026-01-31
100589,2,3,309.48,12,0,1,0,0,2026-02-28
100589,3,2,211.25,7,1,1,1,0,2026-03-31
100589,4,3,164.44,13,0,0,1,0,2026-04-30
100589,5,4,200.01,9,1,1,0,0,2026-05-31
100589,6,3,102.04,20,0,1,1,0,2026-06-30
100590,1,3,222.92,20,1,0,0,1,2026-01-31
100590,2,4,402.91,10,1,0,1,0,2026-02-28
100590,3,5,717.97,11,0,0,1,1,2026-03-31
100590,4,5,567.74,10,1,0,1,0,2026-04-30
100590,5,7,244.41,16,0,0,1,0,2026-05-31
100590,6,5,546.86,8,1,1,1,0,2026-06-30
100591,1,12,761.14,10,1,0,1,0,2026-01-31
100591,2,7,575.01,13,1,0,0,1,2026-02-28
100591,3,6,631.23,9,0,0,0,0,2026-03-31
100591,4,12,1551.26,11,0,1,1,1,2026-04-30
100591,5,5,549.45,17,0,0,1,0,2026-05-31
100591,6,5,599.05,6,0,0,1,0,2026-06-30
100592,1,18,2485.37,7,0,0,1,0,2026-01-31
100592,2,18,2475.38,11,2,1,1,1,2026-02-28
100592,3,10,655.02,11,0,0,1,0,2026-03-31
100592,4,17,2087.3,13,0,0,1,0,2026-04-30
100592,5,15,547.32,18,3,0,1,1,2026-05-31
100592,6,13,423.72,8,0,1,0,0,2026-06-30
100593,1,3,297.62,9,0,1,1,0,2026-01-31
100593,2,3,363.05,6,0,1,1,0,2026-02-28
100593,3,4,432.75,8,1,0,1,0,2026-03-31
100593,4,3,373.71,6,2,1,1,0,2026-04-30
100593,5,6,760.75,10,0,0,0,0,2026-05-31
100593,6,5,296.84,13,0,1,1,1,2026-06-30
100594,1,7,604.68,3,0,0,0,0,2026-01-31
100594,2,11,1102.04,12,0,1,1,1,2026-02-28
100594,3,9,800.52,16,0,0,1,0,2026-03-31
100594,4,4,532.1,11,0,0,0,0,2026-04-30
100594,5,11,357.05,17,0,0,1,0,2026-05-31
100594,6,11,1560.11,18,0,1,0,0,2026-06-30
100595,1,10,1413.59,13,0,0,0,0,2026-01-31
100595,2,19,2036.31,19,1,1,1,0,2026-02-28
100595,3,14,678.27,9,3,1,0,0,2026-03-31
100595,4,18,2682.35,12,0,1,1,0,2026-04-30
100595,5,11,1139.63,18,0,0,1,0,2026-05-31
100595,6,21,2229.68,21,0,1,0,0,2026-06-30
100596,1,4,178.48,8,0,0,0,1,2026-01-31
100596,2,10,1104.43,14,0,1,1,0,2026-02-28
100596,3,11,699.25,7,0,1,0,0,2026-03-31
100596,4,4,204.46,16,0,0,1,0,2026-04-30
100596,5,10,258.15,9,0,1,1,1,2026-05-31
100596,6,10,449.13,8,0,0,0,0,2026-06-30
100597,1,16,757.68,23,1,0,0,0,2026-01-31
100597,2,13,1194.36,9,0,1,1,0,2026-02-28
100597,3,8,1077.75,16,0,0,1,0,2026-03-31
100597,4,10,982.41,11,1,1,1,0,2026-04-30
100597,5,7,348.85,11,0,0,0,0,2026-05-31
100597,6,7,335.61,4,2,0,1,0,2026-06-30
100598,1,20,854.18,14,1,1,1,1,2026-01-31
100598,2,27,2073.06,14,0,0,0,0,2026-02-28
100598,3,22,1949.67,13,0,0,0,0,2026-03-31
100598,4,28,728.18,9,1,1,1,0,2026-04-30
100598,5,23,1029.05,11,0,0,0,0,2026-05-31
100598,6,24,1545.26,5,0,1,0,0,2026-06-30
100599,1,16,812.07,3,1,1,1,1,2026-01-31
100599,2,16,2093.68,17,0,1,0,0,2026-02-28
100599,3,17,1111.08,11,0,0,0,1,2026-03-31
100599,4,7,447.42,10,0,0,1,1,2026-04-30
100599,5,17,1899.57,14,0,0,1,0,2026-05-31
100599,6,16,715.15,7,1,0,1,0,2026-06-30
100600,1,4,110.24,10,0,1,1,0,2026-01-31
100600,2,11,1300.83,9,0,0,0,0,2026-02-28
100600,3,6,863.81,9,0,1,1,1,2026-03-31
100600,4,11,1184.68,11,1,0,0,0,2026-04-30
100600,5,12,1686.46,12,1,1,1,0,2026-05-31
100600,6,5,666.78,11,1,1,1,1,2026-06-30
100601,1,15,1080.33,12,1,0,1,0,2026-01-31
100601,2,19,2408.0,15,0,0,0,0,2026-02-28
100601,3,19,2809.82,11,0,1,0,0,2026-03-31
100601,4,10,862.79,9,0,1,0,0,2026-04-30
100601,5,20,887.38,12,0,0,0,0,2026-05-31
100601,6,15,443.62,26,0,0,1,1,2026-06-30
100602,1,22,1912.9,17,0,1,0,0,2026-01-31
100602,2,12,276.72,18,1,0,0,0,2026-02-28
100602,3,24,2535.98,6,0,0,1,0,2026-03-31
100602,4,28,576.27,15,1,0,1,0,2026-04-30
100602,5,15,1409.62,9,1,0,1,0,2026-05-31
100602,6,25,2370.91,14,1,0,1,0,2026-06-30
100603,1,9,557.92,10,0,0,1,0,2026-01-31
100603,2,10,1447.02,11,0,0,1,0,2026-02-28
100603,3,12,1620.79,6,0,0,1,0,2026-03-31
100603,4,5,658.62,8,0,1,1,0,2026-04-30
100603,5,9,1126.79,14,2,0,1,0,2026-05-31
100603,6,5,333.93,10,0,0,0,0,2026-06-30
100604,1,22,2265.91,10,0,0,1,0,2026-01-31
100604,2,13,829.62,13,0,1,1,0,2026-02-28
100604,3,23,3346.02,8,0,1,0,0,2026-03-31
100604,4,12,1361.5,15,1,0,1,0,2026-04-30
100604,5,29,3999.26,12,0,1,1,0,2026-05-31
100604,6,27,3056.35,17,0,1,1,0,2026-06-30
100605,1,12,589.47,11,1,0,1,0,2026-01-31
100605,2,15,2079.45,12,0,0,0,0,2026-02-28
100605,3,21,2543.18,11,0,1,1,0,2026-03-31
100605,4,21,1324.09,11,0,1,1,0,2026-04-30
100605,5,20,2381.63,20,0,1,1,0,2026-05-31
100605,6,23,1702.24,7,1,1,1,0,2026-06-30
100606,1,18,2567.0,5,0,0,1,0,2026-01-31
100606,2,15,577.54,10,1,1,1,0,2026-02-28
100606,3,18,463.61,4,1,0,0,0,2026-03-31
100606,4,23,567.51,5,0,1,1,0,2026-04-30
100606,5,11,312.49,13,0,1,1,1,2026-05-31
100606,6,17,2238.12,16,0,0,1,0,2026-06-30
100607,1,23,629.49,16,0,1,1,0,2026-01-31
100607,2,16,1816.26,10,0,1,1,0,2026-02-28
100607,3,22,993.01,9,0,0,1,0,2026-03-31
100607,4,29,1270.17,9,0,0,0,0,2026-04-30
100607,5,14,1399.06,15,1,0,0,0,2026-05-31
100607,6,28,1774.74,17,0,0,1,0,2026-06-30
100608,1,7,587.51,8,0,0,1,0,2026-01-31
100608,2,11,1119.12,7,1,0,1,0,2026-02-28
100608,3,8,1028.1,7,0,0,0,0,2026-03-31
100608,4,12,1429.87,7,0,0,1,1,2026-04-30
100608,5,10,870.66,11,0,0,1,0,2026-05-31
100608,6,5,417.21,10,0,0,1,0,2026-06-30
100609,1,16,968.71,9,0,1,1,0,2026-01-31
100609,2,14,1129.85,10,0,0,1,0,2026-02-28
100609,3,10,1173.56,16,1,1,0,0,2026-03-31
100609,4,11,941.95,6,0,0,1,0,2026-04-30
100609,5,19,2767.19,8,1,1,0,1,2026-05-31
100609,6,18,2169.85,21,2,0,1,0,2026-06-30
100610,1,6,850.49,7,1,0,1,0,2026-01-31
100610,2,11,797.23,18,1,1,1,0,2026-02-28
100610,3,9,634.41,13,0,0,1,0,2026-03-31
100610,4,12,1752.3,10,0,0,1,0,2026-04-30
100610,5,12,1683.41,12,0,1,1,0,2026-05-31
100610,6,8,695.18,12,0,1,0,1,2026-06-30
100611,1,8,309.26,6,0,1,0,1,2026-01-31
100611,2,9,1304.93,9,0,1,1,0,2026-02-28
100611,3,8,166.5,8,0,1,1,0,2026-03-31
100611,4,11,483.3,16,0,0,0,0,2026-04-30
100611,5,5,153.77,10,0,0,0,0,2026-05-31
100611,6,6,843.54,13,1,1,1,0,2026-06-30
100612,1,12,1661.91,13,0,1,0,0,2026-01-31
100612,2,7,716.19,16,0,1,0,1,2026-02-28
100612,3,16,988.68,18,0,0,0,0,2026-03-31
100612,4,13,266.3,7,2,0,1,0,2026-04-30
100612,5,18,1354.91,14,0,0,1,0,2026-05-31
100612,6,17,1918.63,12,0,0,1,0,2026-06-30
100613,1,7,791.32,16,1,0,0,1,2026-01-31
100613,2,12,1740.1,7,1,1,1,0,2026-02-28
100613,3,10,461.64,13,0,1,1,0,2026-03-31
100613,4,14,1819.42,20,0,0,1,0,2026-04-30
100613,5,17,2114.93,13,0,0,1,0,2026-05-31
100613,6,16,389.65,14,0,0,1,0,2026-06-30
100614,1,15,1322.42,11,1,0,1,0,2026-01-31
100614,2,21,468.83,7,0,0,1,0,2026-02-28
100614,3,18,2629.09,17,0,0,1,0,2026-03-31
100614,4,19,1112.78,9,0,0,0,0,2026-04-30
100614,5,22,3010.86,12,1,0,0,0,2026-05-31
100614,6,19,1485.75,11,0,0,1,0,2026-06-30
100615,1,11,893.79,8,0,0,1,0,2026-01-31
100615,2,13,634.88,10,0,1,1,1,2026-02-28
100615,3,9,394.6,10,1,0,1,0,2026-03-31
100615,4,10,375.31,4,0,1,1,0,2026-04-30
100615,5,11,438.44,11,1,1,0,0,2026-05-31
100615,6,14,1023.4,13,0,0,1,0,2026-06-30
100616,1,10,672.23,16,0,1,1,0,2026-01-31
100616,2,19,681.77,15,0,0,1,1,2026-02-28
100616,3,14,968.01,10,0,0,0,0,2026-03-31
100616,4,17,1809.96,11,1,0,1,0,2026-04-30
100616,5,21,3000.3,9,0,0,0,0,2026-05-31
100616,6,12,1155.1,5,0,0,0,0,2026-06-30
100617,1,19,2524.14,15,1,1,1,0,2026-01-31
100617,2,22,2697.88,16,0,0,0,1,2026-02-28
100617,3,17,2457.12,15,1,0,1,1,2026-03-31
100617,4,23,1524.95,17,1,0,1,0,2026-04-30
100617,5,18,531.8,16,2,0,0,0,2026-05-31
100617,6,12,1052.7,7,0,0,0,0,2026-06-30
100618,1,20,1843.79,15,0,1,1,0,2026-01-31
100618,2,15,301.97,7,0,0,1,0,2026-02-28
100618,3,20,1088.99,12,0,0,0,1,2026-03-31
100618,4,15,1706.34,9,0,1,1,0,2026-04-30
100618,5,9,227.8,15,0,0,0,1,2026-05-31
100618,6,23,2005.93,16,1,1,1,0,2026-06-30
100619,1,3,159.91,8,0,0,0,1,2026-01-31
100619,2,7,854.62,13,1,1,1,0,2026-02-28
100619,3,6,629.01,21,0,0,0,0,2026-03-31
100619,4,5,409.4,10,0,0,1,1,2026-04-30
100619,5,4,423.64,18,1,0,1,0,2026-05-31
100619,6,5,462.7,9,0,0,1,0,2026-06-30
100620,1,28,1513.53,8,0,0,1,0,2026-01-31
100620,2,24,2873.3,3,0,1,1,0,2026-02-28
100620,3,24,2311.87,18,0,1,1,0,2026-03-31
100620,4,13,1645.5,15,1,1,1,1,2026-04-30
100620,5,21,1583.64,9,1,0,0,0,2026-05-31
100620,6,19,970.71,10,1,0,1,1,2026-06-30
100621,1,10,843.31,16,1,1,1,0,2026-01-31
100621,2,12,1500.78,12,1,0,1,0,2026-02-28
100621,3,14,898.37,11,0,1,1,0,2026-03-31
100621,4,18,2219.46,9,0,0,1,0,2026-04-30
100621,5,17,1367.8,14,0,1,0,0,2026-05-31
100621,6,8,829.03,10,1,1,1,0,2026-06-30
100622,1,3,284.5,8,1,0,1,1,2026-01-31
100622,2,4,584.95,17,0,0,1,0,2026-02-28
100622,3,5,446.05,17,2,1,0,0,2026-03-31
100622,4,2,220.12,6,0,0,1,0,2026-04-30
100622,5,2,159.73,13,1,1,0,0,2026-05-31
100622,6,3,289.72,12,0,1,0,0,2026-06-30
100623,1,7,328.16,14,0,0,0,0,2026-01-31
100623,2,8,490.59,7,1,0,1,0,2026-02-28
100623,3,6,263.11,12,1,1,1,0,2026-03-31
100623,4,7,810.55,18,1,1,1,0,2026-04-30
100623,5,7,262.22,10,1,1,1,0,2026-05-31
100623,6,8,358.72,5,0,1,0,0,2026-06-30
100624,1,25,986.42,11,0,0,1,0,2026-01-31
100624,2,16,543.62,7,0,0,1,0,2026-02-28
100624,3,24,1390.08,22,0,0,1,0,2026-03-31
100624,4,27,973.47,15,0,1,0,0,2026-04-30
100624,5,12,854.03,8,0,1,1,1,2026-05-31
100624,6,17,1894.62,13,0,1,0,0,2026-06-30
100625,1,26,3072.36,8,0,0,1,1,2026-01-31
100625,2,24,797.27,12,2,1,0,0,2026-02-28
100625,3,28,1351.48,9,0,0,1,1,2026-03-31
100625,4,25,2224.36,13,0,1,1,0,2026-04-30
100625,5,32,3566.25,11,0,0,0,0,2026-05-31
100625,6,37,1507.41,9,1,0,0,1,2026-06-30
100626,1,20,685.54,10,0,1,0,0,2026-01-31
100626,2,10,438.45,15,0,1,1,0,2026-02-28
100626,3,13,1388.56,15,0,0,1,0,2026-03-31
100626,4,11,1256.98,12,0,0,0,0,2026-04-30
100626,5,11,1432.04,13,0,0,1,1,2026-05-31
100626,6,10,687.22,14,0,0,1,0,2026-06-30
100627,1,10,1408.65,16,1,0,1,0,2026-01-31
100627,2,7,916.57,13,1,0,0,0,2026-02-28
100627,3,11,276.93,17,0,0,1,0,2026-03-31
100627,4,8,464.27,7,0,1,0,0,2026-04-30
100627,5,10,363.69,23,0,0,1,0,2026-05-31
100627,6,5,413.17,7,0,0,0,0,2026-06-30
100628,1,22,3080.75,7,0,1,0,0,2026-01-31
100628,2,25,1079.86,9,0,0,1,0,2026-02-28
100628,3,14,547.88,14,0,0,0,0,2026-03-31
100628,4,14,1287.75,9,0,0,1,0,2026-04-30
100628,5,15,517.01,10,0,1,1,0,2026-05-31
100628,6,10,926.82,16,0,1,1,0,2026-06-30
100629,1,7,615.67,15,1,1,1,0,2026-01-31
100629,2,3,350.07,5,0,0,0,0,2026-02-28
100629,3,8,386.48,15,1,0,0,0,2026-03-31
100629,4,3,233.0,11,0,0,1,1,2026-04-30
100629,5,6,459.81,12,0,0,0,0,2026-05-31
100629,6,3,128.67,13,0,0,1,1,2026-06-30
100630,1,11,543.46,15,1,0,0,0,2026-01-31
100630,2,10,339.44,12,1,1,1,0,2026-02-28
100630,3,12,744.13,16,0,1,1,0,2026-03-31
100630,4,6,733.84,11,0,1,1,1,2026-04-30
100630,5,11,1464.5,9,1,0,0,0,2026-05-31
100630,6,10,587.39,13,0,1,1,1,2026-06-30
100631,1,12,513.04,7,0,0,1,1,2026-01-31
100631,2,13,1608.85,17,1,1,1,1,2026-02-28
100631,3,11,1489.69,17,0,1,1,1,2026-03-31
100631,4,5,741.58,14,0,1,0,0,2026-04-30
100631,5,6,516.92,10,0,1,1,0,2026-05-31
100631,6,10,273.06,11,0,0,0,1,2026-06-30
100632,1,4,422.5,19,0,0,1,0,2026-01-31
100632,2,4,393.48,8,0,0,1,0,2026-02-28
100632,3,7,424.68,10,0,0,1,0,2026-03-31
100632,4,3,315.16,10,0,0,0,0,2026-04-30
100632,5,5,611.61,3,0,0,1,0,2026-05-31
100632,6,3,109.94,8,2,0,0,1,2026-06-30
100633,1,18,776.84,26,1,1,1,0,2026-01-31
100633,2,16,633.43,15,0,1,1,1,2026-02-28
100633,3,9,727.82,7,1,1,0,0,2026-03-31
100633,4,18,1854.71,17,0,0,1,1,2026-04-30
100633,5,8,1150.62,7,2,1,1,0,2026-05-31
100633,6,19,968.92,18,1,0,0,1,2026-06-30
100634,1,19,838.85,17,1,1,1,0,2026-01-31
100634,2,11,1575.15,7,0,1,1,0,2026-02-28
100634,3,24,1033.46,5,1,0,1,0,2026-03-31
100634,4,15,1451.11,14,0,0,1,0,2026-04-30
100634,5,15,2210.58,17,0,1,1,0,2026-05-31
100634,6,10,517.15,8,0,0,1,0,2026-06-30
100635,1,6,772.54,5,0,0,0,0,2026-01-31
100635,2,13,1816.43,19,0,0,1,0,2026-02-28
100635,3,14,1453.65,13,1,1,1,0,2026-03-31
100635,4,11,914.78,9,0,0,1,0,2026-04-30
100635,5,12,1125.03,19,0,0,1,1,2026-05-31
100635,6,11,1248.79,11,0,0,1,1,2026-06-30
100636,1,22,881.62,9,0,0,1,0,2026-01-31
100636,2,17,664.59,11,0,1,1,0,2026-02-28
100636,3,26,2020.95,19,1,1,1,0,2026-03-31
100636,4,22,2724.02,12,0,0,1,0,2026-04-30
100636,5,28,2901.59,14,1,0,1,0,2026-05-31
100636,6,23,1251.93,15,1,0,0,0,2026-06-30
100637,1,9,1117.02,13,0,1,1,0,2026-01-31
100637,2,16,1915.52,12,0,1,1,0,2026-02-28
100637,3,9,468.19,18,0,1,1,0,2026-03-31
100637,4,10,840.4,18,1,1,1,0,2026-04-30
100637,5,17,807.4,15,3,0,1,0,2026-05-31
100637,6,11,765.87,16,0,1,0,0,2026-06-30
100638,1,7,300.38,21,1,0,0,0,2026-01-31
100638,2,6,681.59,17,0,1,0,1,2026-02-28
100638,3,13,1715.56,13,0,0,1,0,2026-03-31
100638,4,13,806.29,13,0,1,1,0,2026-04-30
100638,5,6,531.76,18,0,1,1,0,2026-05-31
100638,6,8,738.85,10,1,1,0,0,2026-06-30
100639,1,24,2637.4,14,1,1,1,0,2026-01-31
100639,2,30,3849.62,8,0,0,1,1,2026-02-28
100639,3,25,629.66,10,0,1,1,1,2026-03-31
100639,4,33,4923.86,19,0,1,0,1,2026-04-30
100639,5,28,2525.43,26,0,1,1,1,2026-05-31
100639,6,15,1238.25,14,0,1,1,0,2026-06-30
100640,1,15,2226.13,8,0,0,1,0,2026-01-31
100640,2,8,357.53,12,0,0,0,0,2026-02-28
100640,3,20,1470.36,11,1,1,1,0,2026-03-31
100640,4,15,2033.0,16,1,0,1,0,2026-04-30
100640,5,16,1092.1,18,0,0,0,0,2026-05-31
100640,6,15,1111.72,15,0,1,1,0,2026-06-30
100641,1,7,321.55,6,0,0,1,0,2026-01-31
100641,2,6,149.41,13,1,1,1,0,2026-02-28
100641,3,14,1793.75,13,0,1,1,0,2026-03-31
100641,4,11,727.79,12,0,0,0,1,2026-04-30
100641,5,13,532.9,15,1,1,1,0,2026-05-31
100641,6,12,1587.16,14,0,1,1,1,2026-06-30
100642,1,4,300.67,9,2,1,1,0,2026-01-31
100642,2,6,503.07,17,0,1,1,0,2026-02-28
100642,3,7,1030.18,13,0,0,1,0,2026-03-31
100642,4,9,1216.78,10,0,0,1,0,2026-04-30
100642,5,9,550.74,14,2,1,0,0,2026-05-31
100642,6,6,895.61,9,0,0,1,1,2026-06-30
100643,1,10,1370.73,6,0,1,0,0,2026-01-31
100643,2,23,3227.79,17,1,1,1,0,2026-02-28
100643,3,25,1294.07,7,0,1,0,0,2026-03-31
100643,4,11,1190.61,16,1,1,1,0,2026-04-30
100643,5,15,1598.13,11,2,1,1,0,2026-05-31
100643,6,17,1791.12,12,0,1,1,0,2026-06-30
100644,1,5,649.86,10,0,1,1,0,2026-01-31
100644,2,4,210.2,10,0,1,0,0,2026-02-28
100644,3,7,721.34,14,0,0,1,0,2026-03-31
100644,4,8,188.92,14,0,1,1,0,2026-04-30
100644,5,4,320.26,17,0,1,1,1,2026-05-31
100644,6,5,544.0,7,0,0,1,0,2026-06-30
100645,1,10,1415.31,11,0,0,1,0,2026-01-31
100645,2,5,524.47,14,0,0,1,0,2026-02-28
100645,3,6,638.04,19,0,1,1,0,2026-03-31
100645,4,4,104.61,6,0,1,1,0,2026-04-30
100645,5,9,419.73,14,1,0,1,0,2026-05-31
100645,6,5,513.11,11,0,1,1,1,2026-06-30
100646,1,27,3204.97,12,1,0,1,0,2026-01-31
100646,2,15,787.92,14,1,0,0,0,2026-02-28
100646,3,14,1771.88,19,0,1,1,0,2026-03-31
100646,4,13,1269.12,10,1,1,1,0,2026-04-30
100646,5,21,3101.44,8,0,0,0,0,2026-05-31
100646,6,28,1201.18,9,0,0,0,0,2026-06-30
100647,1,8,314.31,22,0,0,0,0,2026-01-31
100647,2,10,658.81,14,1,1,1,0,2026-02-28
100647,3,8,718.24,19,0,1,1,0,2026-03-31
100647,4,11,1159.5,11,0,1,1,1,2026-04-30
100647,5,13,1476.17,14,1,0,1,1,2026-05-31
100647,6,13,1671.35,13,0,1,1,1,2026-06-30
100648,1,5,536.76,15,0,0,0,1,2026-01-31
100648,2,4,370.76,6,0,0,1,0,2026-02-28
100648,3,5,461.18,17,2,1,1,1,2026-03-31
100648,4,4,406.32,6,1,0,0,0,2026-04-30
100648,5,4,324.64,11,1,0,0,1,2026-05-31
100648,6,2,125.72,10,1,1,1,1,2026-06-30
100649,1,5,102.34,17,0,0,0,0,2026-01-31
100649,2,4,530.45,23,0,1,0,1,2026-02-28
100649,3,6,676.06,9,1,0,1,1,2026-03-31
100649,4,7,737.34,14,0,1,1,0,2026-04-30
100649,5,4,336.31,15,1,1,0,0,2026-05-31
100649,6,3,331.21,15,1,0,0,1,2026-06-30
100650,1,8,228.4,6,0,1,1,0,2026-01-31
100650,2,5,578.65,4,0,0,1,1,2026-02-28
100650,3,9,470.62,10,0,0,1,0,2026-03-31
100650,4,5,548.73,14,0,1,1,1,2026-04-30
100650,5,9,361.26,17,1,1,1,0,2026-05-31
100650,6,8,243.26,16,0,0,1,0,2026-06-30
100651,1,20,1740.6,13,0,0,1,1,2026-01-31
100651,2,18,2478.43,11,2,0,1,1,2026-02-28
100651,3,19,1871.06,11,3,0,1,0,2026-03-31
100651,4,14,1639.69,7,0,0,1,0,2026-04-30
100651,5,19,387.54,4,2,0,1,0,2026-05-31
100651,6,12,1067.77,14,0,1,0,0,2026-06-30
100652,1,22,2410.48,14,1,1,1,0,2026-01-31
100652,2,15,410.16,14,0,0,1,0,2026-02-28
100652,3,20,2496.58,6,0,1,1,0,2026-03-31
100652,4,16,716.27,14,0,0,1,0,2026-04-30
100652,5,20,548.96,9,0,1,0,1,2026-05-31
100652,6,12,448.62,14,2,0,1,1,2026-06-30
100653,1,23,3212.48,4,1,1,1,0,2026-01-31
100653,2,14,649.94,6,0,0,0,0,2026-02-28
100653,3,19,2098.81,7,1,0,1,1,2026-03-31
100653,4,14,471.25,7,0,1,1,0,2026-04-30
100653,5,18,1681.04,10,0,1,1,1,2026-05-31
100653,6,16,553.22,7,0,1,1,0,2026-06-30
100654,1,16,1030.78,19,0,1,1,1,2026-01-31
100654,2,15,2005.87,17,1,0,1,0,2026-02-28
100654,3,15,961.5,19,0,1,0,1,2026-03-31
100654,4,7,251.38,7,1,1,1,0,2026-04-30
100654,5,13,612.47,8,1,1,1,0,2026-05-31
100654,6,7,384.54,11,1,0,1,0,2026-06-30
100655,1,14,1479.48,6,0,0,1,1,2026-01-31
100655,2,10,749.26,13,2,1,0,1,2026-02-28
100655,3,6,865.12,14,0,0,1,0,2026-03-31
100655,4,6,864.95,14,0,0,1,0,2026-04-30
100655,5,7,431.33,12,1,1,0,1,2026-05-31
100655,6,12,541.59,16,1,1,1,0,2026-06-30
100656,1,14,2078.07,13,1,0,1,1,2026-01-31
100656,2,22,1389.8,22,0,1,1,0,2026-02-28
100656,3,10,850.12,13,0,1,1,0,2026-03-31
100656,4,12,1328.97,12,0,0,0,0,2026-04-30
100656,5,25,3263.97,17,1,0,0,0,2026-05-31
100656,6,12,822.19,23,0,0,1,0,2026-06-30
100657,1,3,143.09,4,0,0,1,0,2026-01-31
100657,2,4,174.46,6,0,1,1,0,2026-02-28
100657,3,2,163.11,14,0,0,0,0,2026-03-31
100657,4,1,129.74,7,0,0,0,0,2026-04-30
100657,5,3,309.76,10,0,1,0,0,2026-05-31
100657,6,4,390.2,7,0,1,1,1,2026-06-30
100658,1,12,880.09,8,0,0,1,0,2026-01-31
100658,2,17,437.19,16,0,1,1,0,2026-02-28
100658,3,13,516.34,9,0,0,0,0,2026-03-31
100658,4,14,1903.08,17,1,0,1,1,2026-04-30
100658,5,18,2230.16,12,1,1,1,0,2026-05-31
100658,6,13,470.67,13,0,0,1,0,2026-06-30
100659,1,4,472.56,9,0,1,1,1,2026-01-31
100659,2,8,1186.74,11,0,0,0,1,2026-02-28
100659,3,9,496.45,11,1,0,0,0,2026-03-31
100659,4,7,777.53,14,0,1,1,0,2026-04-30
100659,5,9,1170.33,12,0,0,1,1,2026-05-31
100659,6,7,917.0,9,0,1,1,0,2026-06-30
100660,1,7,254.47,11,0,1,0,0,2026-01-31
100660,2,11,1575.76,17,0,0,0,0,2026-02-28
100660,3,6,607.22,17,1,0,0,0,2026-03-31
100660,4,9,370.05,21,1,1,1,0,2026-04-30
100660,5,11,392.92,10,0,0,0,1,2026-05-31
100660,6,10,338.38,13,0,0,1,0,2026-06-30
100661,1,23,1000.08,15,0,0,0,1,2026-01-31
100661,2,20,603.03,12,1,1,1,0,2026-02-28
100661,3,19,571.09,15,0,1,0,1,2026-03-31
100661,4,18,699.53,12,0,0,1,0,2026-04-30
100661,5,26,2096.95,9,0,1,1,0,2026-05-31
100661,6,22,1103.53,9,1,1,1,1,2026-06-30
100662,1,6,283.68,19,0,1,1,0,2026-01-31
100662,2,8,747.46,19,0,0,1,0,2026-02-28
100662,3,7,891.31,3,0,1,0,0,2026-03-31
100662,4,4,400.66,7,0,1,1,0,2026-04-30
100662,5,7,307.91,8,0,1,0,1,2026-05-31
100662,6,7,1034.76,9,0,0,0,0,2026-06-30
100663,1,8,249.19,11,0,1,0,0,2026-01-31
100663,2,9,673.76,16,3,1,0,0,2026-02-28
100663,3,10,552.51,3,0,0,0,0,2026-03-31
100663,4,6,180.49,11,0,1,1,0,2026-04-30
100663,5,5,238.05,14,0,1,0,1,2026-05-31
100663,6,11,977.49,5,0,1,1,0,2026-06-30
100664,1,8,182.18,8,1,0,1,0,2026-01-31
100664,2,13,840.32,12,2,0,0,0,2026-02-28
100664,3,14,1893.56,8,1,1,0,0,2026-03-31
100664,4,7,852.16,15,0,1,1,0,2026-04-30
100664,5,12,1152.86,8,0,1,1,0,2026-05-31
100664,6,7,291.64,21,0,0,1,0,2026-06-30
100665,1,5,355.5,5,1,0,1,1,2026-01-31
100665,2,10,1188.45,14,1,0,1,0,2026-02-28
100665,3,5,366.75,11,0,1,0,1,2026-03-31
100665,4,11,361.87,11,0,0,1,0,2026-04-30
100665,5,9,286.49,8,1,0,0,0,2026-05-31
100665,6,6,223.95,15,0,0,1,1,2026-06-30
100666,1,21,2093.63,6,1,0,1,0,2026-01-31
100666,2,13,661.67,10,0,0,1,0,2026-02-28
100666,3,18,1967.43,13,0,1,1,0,2026-03-31
100666,4,25,3452.9,18,0,0,0,0,2026-04-30
100666,5,14,1497.16,6,0,1,0,1,2026-05-31
100666,6,9,435.88,12,0,1,1,0,2026-06-30
100667,1,4,373.26,21,0,0,1,0,2026-01-31
100667,2,6,135.69,11,0,1,0,0,2026-02-28
100667,3,7,147.65,7,0,0,1,0,2026-03-31
100667,4,3,283.69,17,0,1,1,1,2026-04-30
100667,5,5,480.58,8,0,0,0,0,2026-05-31
100667,6,5,370.75,8,0,0,1,1,2026-06-30
100668,1,13,1844.39,12,0,1,1,1,2026-01-31
100668,2,8,901.77,16,0,0,1,0,2026-02-28
100668,3,14,635.25,8,0,1,1,0,2026-03-31
100668,4,8,376.71,11,0,0,0,0,2026-04-30
100668,5,9,1332.93,9,1,0,0,0,2026-05-31
100668,6,18,1019.32,8,0,0,1,0,2026-06-30
100669,1,10,668.69,11,0,1,1,0,2026-01-31
100669,2,11,1473.95,22,0,1,1,0,2026-02-28
100669,3,10,1453.17,17,1,0,1,0,2026-03-31
100669,4,14,2051.6,7,0,1,1,0,2026-04-30
100669,5,12,1041.9,15,1,1,0,0,2026-05-31
100669,6,13,1278.2,14,1,0,0,0,2026-06-30
100670,1,12,1587.12,13,1,0,1,1,2026-01-31
100670,2,10,713.13,8,0,0,1,0,2026-02-28
100670,3,8,624.81,16,1,0,1,0,2026-03-31
100670,4,7,959.94,10,0,0,1,0,2026-04-30
100670,5,5,686.09,8,2,0,1,0,2026-05-31
100670,6,7,1044.89,8,1,1,1,0,2026-06-30
100671,1,27,1441.67,12,0,0,1,0,2026-01-31
100671,2,23,1157.72,14,0,1,0,0,2026-02-28
100671,3,11,406.17,17,0,1,1,0,2026-03-31
100671,4,16,1827.61,12,0,0,1,1,2026-04-30
100671,5,27,2391.11,9,0,0,0,0,2026-05-31
100671,6,20,2236.23,12,0,1,1,0,2026-06-30
100672,1,9,663.09,10,0,0,1,0,2026-01-31
100672,2,16,1148.5,9,0,0,1,0,2026-02-28
100672,3,13,316.12,10,0,1,1,0,2026-03-31
100672,4,15,1884.62,20,0,1,1,0,2026-04-30
100672,5,12,1361.26,17,0,1,1,0,2026-05-31
100672,6,19,1837.1,12,1,1,0,0,2026-06-30
100673,1,5,310.09,15,0,0,0,1,2026-01-31
100673,2,4,529.25,5,2,1,1,0,2026-02-28
100673,3,2,127.09,12,0,1,1,1,2026-03-31
100673,4,5,440.18,11,1,0,1,0,2026-04-30
100673,5,2,270.01,14,0,1,0,0,2026-05-31
100673,6,3,86.39,8,1,1,0,0,2026-06-30
100674,1,29,1156.68,16,0,1,1,0,2026-01-31
100674,2,33,825.32,16,0,1,1,0,2026-02-28
100674,3,27,1613.06,13,0,0,0,0,2026-03-31
100674,4,15,683.09,9,1,1,0,0,2026-04-30
100674,5,30,2875.8,3,2,0,1,0,2026-05-31
100674,6,27,3337.83,7,0,0,0,0,2026-06-30
100675,1,7,311.04,3,0,0,1,0,2026-01-31
100675,2,8,306.91,16,1,0,1,0,2026-02-28
100675,3,11,1350.67,6,0,0,0,0,2026-03-31
100675,4,10,212.64,7,2,1,1,1,2026-04-30
100675,5,8,1181.97,15,0,0,1,0,2026-05-31
100675,6,11,1418.9,11,0,1,1,0,2026-06-30
100676,1,5,462.26,7,0,0,1,0,2026-01-31
100676,2,6,498.47,18,0,1,1,0,2026-02-28
100676,3,10,1335.52,9,1,0,1,0,2026-03-31
100676,4,8,262.68,23,0,0,1,0,2026-04-30
100676,5,8,1185.27,21,0,0,1,0,2026-05-31
100676,6,12,1093.39,13,0,0,1,0,2026-06-30
100677,1,12,1115.64,14,0,0,1,1,2026-01-31
100677,2,14,447.19,13,3,0,1,0,2026-02-28
100677,3,15,1907.18,12,1,0,1,0,2026-03-31
100677,4,12,572.56,9,1,0,1,0,2026-04-30
100677,5,10,629.01,9,2,1,1,0,2026-05-31
100677,6,15,1665.52,8,0,0,1,0,2026-06-30
100678,1,4,372.52,5,0,0,1,1,2026-01-31
100678,2,5,344.76,15,1,1,0,0,2026-02-28
100678,3,7,213.94,9,0,1,1,1,2026-03-31
100678,4,8,201.99,12,1,1,1,0,2026-04-30
100678,5,5,541.02,13,1,0,1,0,2026-05-31
100678,6,7,1020.84,6,0,1,0,1,2026-06-30
100679,1,5,552.78,9,0,0,1,0,2026-01-31
100679,2,8,755.66,16,0,0,1,0,2026-02-28
100679,3,6,196.93,13,1,0,0,0,2026-03-31
100679,4,8,1167.02,9,2,1,1,1,2026-04-30
100679,5,8,604.08,19,0,0,1,0,2026-05-31
100679,6,3,264.56,7,1,0,1,0,2026-06-30
100680,1,14,2013.07,27,1,0,1,0,2026-01-31
100680,2,26,3262.02,11,0,1,1,0,2026-02-28
100680,3,15,1407.2,14,1,1,1,1,2026-03-31
100680,4,14,1247.59,9,1,1,1,1,2026-04-30
100680,5,21,2192.94,13,0,0,1,0,2026-05-31
100680,6,26,2643.52,9,1,1,1,0,2026-06-30
100681,1,14,1680.51,17,0,1,0,1,2026-01-31
100681,2,6,658.83,17,1,1,1,0,2026-02-28
100681,3,12,1739.5,13,1,0,0,0,2026-03-31
100681,4,7,1045.94,15,1,0,1,0,2026-04-30
100681,5,8,876.78,10,0,1,1,1,2026-05-31
100681,6,12,367.03,15,1,0,1,0,2026-06-30
100682,1,5,260.76,4,0,1,1,0,2026-01-31
100682,2,5,107.99,12,0,0,0,0,2026-02-28
100682,3,6,747.63,3,2,0,1,0,2026-03-31
100682,4,11,918.44,7,0,1,1,0,2026-04-30
100682,5,7,839.17,23,0,0,1,0,2026-05-31
100682,6,8,812.46,13,2,1,0,0,2026-06-30
100683,1,15,1487.44,13,1,1,0,0,2026-01-31
100683,2,11,643.17,13,1,0,0,0,2026-02-28
100683,3,12,509.19,14,0,0,1,0,2026-03-31
100683,4,15,718.41,14,0,0,0,0,2026-04-30
100683,5,15,2038.47,17,0,0,1,0,2026-05-31
100683,6,15,958.88,17,2,0,1,0,2026-06-30
100684,1,13,1457.7,10,0,0,1,0,2026-01-31
100684,2,8,257.1,4,2,0,0,0,2026-02-28
100684,3,18,2293.72,14,0,0,1,0,2026-03-31
100684,4,10,1122.2,11,0,0,0,0,2026-04-30
100684,5,18,2317.83,14,1,0,1,1,2026-05-31
100684,6,19,2134.73,8,1,0,0,0,2026-06-30
100685,1,12,1381.83,15,3,0,0,0,2026-01-31
100685,2,22,2075.73,7,0,0,0,0,2026-02-28
100685,3,19,2777.15,11,1,1,1,0,2026-03-31
100685,4,29,2035.01,11,0,1,1,0,2026-04-30
100685,5,32,4378.83,10,1,1,0,0,2026-05-31
100685,6,18,1526.98,16,1,0,1,0,2026-06-30
100686,1,22,3136.36,13,0,0,1,1,2026-01-31
100686,2,21,641.84,11,0,0,1,0,2026-02-28
100686,3,22,546.05,14,1,0,1,0,2026-03-31
100686,4,22,1197.24,15,0,0,1,1,2026-04-30
100686,5,11,888.47,17,0,0,0,0,2026-05-31
100686,6,20,1964.88,6,2,1,0,0,2026-06-30
100687,1,4,329.0,10,1,0,1,0,2026-01-31
100687,2,10,1343.14,13,1,0,0,0,2026-02-28
100687,3,8,233.54,8,0,1,1,0,2026-03-31
100687,4,7,299.08,8,2,1,0,0,2026-04-30
100687,5,6,206.52,12,0,1,1,0,2026-05-31
100687,6,10,765.24,11,0,0,0,1,2026-06-30
100688,1,3,319.98,16,0,1,1,0,2026-01-31
100688,2,7,727.48,9,1,0,0,0,2026-02-28
100688,3,5,280.7,15,0,0,1,0,2026-03-31
100688,4,8,1004.41,13,0,1,0,1,2026-04-30
100688,5,8,185.61,16,0,1,1,0,2026-05-31
100688,6,5,700.9,11,0,0,1,0,2026-06-30
100689,1,4,535.73,7,1,0,1,0,2026-01-31
100689,2,8,247.87,6,2,0,1,1,2026-02-28
100689,3,7,480.61,10,1,0,1,0,2026-03-31
100689,4,6,588.8,3,0,0,0,0,2026-04-30
100689,5,6,165.15,17,0,0,0,0,2026-05-31
100689,6,4,565.0,17,0,0,1,0,2026-06-30
100690,1,15,626.44,9,0,1,1,0,2026-01-31
100690,2,12,1532.75,8,0,1,1,0,2026-02-28
100690,3,6,790.07,12,1,1,1,0,2026-03-31
100690,4,6,227.64,13,0,0,1,0,2026-04-30
100690,5,12,1574.32,11,0,0,1,1,2026-05-31
100690,6,14,1184.9,8,0,1,1,0,2026-06-30
100691,1,18,676.71,13,0,1,0,0,2026-01-31
100691,2,17,450.02,7,0,0,0,1,2026-02-28
100691,3,11,618.85,13,0,0,0,0,2026-03-31
100691,4,24,1194.71,13,0,0,1,0,2026-04-30
100691,5,21,954.94,11,0,0,1,0,2026-05-31
100691,6,13,665.46,6,1,0,1,1,2026-06-30
100692,1,9,743.62,12,0,1,1,0,2026-01-31
100692,2,17,2189.85,14,0,1,0,0,2026-02-28
100692,3,16,1202.88,19,2,1,0,0,2026-03-31
100692,4,7,441.35,6,2,1,1,0,2026-04-30
100692,5,9,825.45,9,0,0,1,0,2026-05-31
100692,6,9,1121.66,11,1,1,1,0,2026-06-30
100693,1,21,2949.28,14,1,0,1,0,2026-01-31
100693,2,13,1646.05,8,0,1,1,0,2026-02-28
100693,3,15,1858.17,20,1,0,1,0,2026-03-31
100693,4,16,1537.04,15,1,0,1,0,2026-04-30
100693,5,29,3405.23,9,0,1,1,0,2026-05-31
100693,6,22,3285.93,12,1,0,0,0,2026-06-30
100694,1,9,426.56,18,0,0,0,1,2026-01-31
100694,2,6,836.51,17,1,1,0,0,2026-02-28
100694,3,7,412.73,8,1,0,1,0,2026-03-31
100694,4,5,585.71,11,0,0,1,0,2026-04-30
100694,5,8,343.6,5,0,1,1,0,2026-05-31
100694,6,6,826.76,15,0,1,1,1,2026-06-30
100695,1,27,714.8,11,0,0,1,0,2026-01-31
100695,2,31,3694.0,13,0,0,1,0,2026-02-28
100695,3,30,2091.48,18,0,1,1,0,2026-03-31
100695,4,30,2827.13,12,0,0,1,0,2026-04-30
100695,5,21,603.41,9,0,1,1,0,2026-05-31
100695,6,30,3422.19,10,1,0,1,0,2026-06-30
100696,1,8,280.17,18,1,0,0,0,2026-01-31
100696,2,12,758.83,6,1,0,0,0,2026-02-28
100696,3,13,1446.56,14,0,0,0,0,2026-03-31
100696,4,13,1445.88,9,0,1,1,0,2026-04-30
100696,5,10,407.33,8,3,0,1,1,2026-05-31
100696,6,9,586.83,11,0,0,1,1,2026-06-30
100697,1,6,185.55,15,0,0,1,0,2026-01-31
100697,2,8,965.64,17,0,1,0,0,2026-02-28
100697,3,10,795.29,7,1,0,0,0,2026-03-31
100697,4,5,374.6,19,0,0,1,0,2026-04-30
100697,5,10,1471.41,25,1,0,1,0,2026-05-31
100697,6,10,1333.89,16,1,0,0,0,2026-06-30
100698,1,6,759.73,14,0,0,1,0,2026-01-31
100698,2,8,414.13,10,2,0,1,0,2026-02-28
100698,3,7,810.63,11,1,0,1,0,2026-03-31
100698,4,7,535.81,17,0,0,1,0,2026-04-30
100698,5,9,391.03,14,0,0,0,0,2026-05-31
100698,6,7,620.81,8,1,1,1,0,2026-06-30
100699,1,18,703.37,6,0,1,1,0,2026-01-31
100699,2,15,1978.27,16,1,0,0,0,2026-02-28
100699,3,19,2334.37,7,0,1,0,0,2026-03-31
100699,4,16,1236.05,12,1,1,1,0,2026-04-30
100699,5,24,1420.02,14,0,0,1,0,2026-05-31
100699,6,11,1555.14,13,0,0,1,0,2026-06-30
100700,1,22,836.1,8,0,1,1,0,2026-01-31
100700,2,28,2377.05,12,1,0,0,1,2026-02-28
100700,3,16,961.28,12,1,1,0,0,2026-03-31
100700,4,27,2297.7,8,0,0,1,0,2026-04-30
100700,5,28,1550.75,15,0,0,1,1,2026-05-31
100700,6,26,3492.03,11,2,0,1,0,2026-06-30
100701,1,19,1977.2,6,0,0,1,0,2026-01-31
100701,2,12,1532.2,13,1,0,1,0,2026-02-28
100701,3,20,1957.38,8,1,0,1,0,2026-03-31
100701,4,16,2331.03,12,0,0,1,0,2026-04-30
100701,5,24,3360.08,7,0,0,1,1,2026-05-31
100701,6,16,516.85,11,1,1,1,0,2026-06-30
100702,1,4,137.36,11,0,1,1,1,2026-01-31
100702,2,7,714.41,20,1,0,0,0,2026-02-28
100702,3,7,452.12,12,1,0,1,0,2026-03-31
100702,4,10,1318.83,10,0,1,0,0,2026-04-30
100702,5,5,577.31,11,0,0,1,0,2026-05-31
100702,6,5,592.5,16,0,0,1,0,2026-06-30
100703,1,9,944.22,6,0,1,1,1,2026-01-31
100703,2,10,477.68,14,1,1,0,0,2026-02-28
100703,3,8,248.85,8,0,0,1,0,2026-03-31
100703,4,5,404.5,12,0,0,1,0,2026-04-30
100703,5,10,1024.48,8,0,0,1,0,2026-05-31
100703,6,9,506.15,17,0,0,1,1,2026-06-30
100704,1,2,103.72,18,0,0,1,0,2026-01-31
100704,2,5,157.19,8,1,0,1,0,2026-02-28
100704,3,3,320.66,14,2,1,1,0,2026-03-31
100704,4,5,184.67,12,0,0,1,0,2026-04-30
100704,5,5,281.75,14,0,1,1,0,2026-05-31
100704,6,5,441.45,2,0,1,1,0,2026-06-30
100705,1,11,1401.13,9,0,0,0,0,2026-01-31
100705,2,7,297.24,13,0,1,0,0,2026-02-28
100705,3,7,912.46,13,0,0,1,0,2026-03-31
100705,4,10,909.31,15,1,0,1,1,2026-04-30
100705,5,9,1009.43,16,2,0,0,0,2026-05-31
100705,6,9,281.71,11,0,0,1,0,2026-06-30
100706,1,21,2384.21,16,1,1,1,1,2026-01-31
100706,2,30,2043.36,18,0,1,1,0,2026-02-28
100706,3,20,1802.65,14,0,1,1,0,2026-03-31
100706,4,21,2686.89,12,0,0,0,0,2026-04-30
100706,5,28,2976.73,9,1,0,1,0,2026-05-31
100706,6,15,1436.57,11,1,1,1,0,2026-06-30
100707,1,15,1515.28,7,1,0,1,1,2026-01-31
100707,2,15,1986.42,11,1,0,1,0,2026-02-28
100707,3,6,832.25,11,0,0,1,1,2026-03-31
100707,4,13,1080.32,4,1,0,0,0,2026-04-30
100707,5,13,1445.52,15,0,0,0,0,2026-05-31
100707,6,15,902.91,9,0,1,1,0,2026-06-30
100708,1,19,847.58,16,1,0,1,0,2026-01-31
100708,2,21,720.72,19,1,0,1,0,2026-02-28
100708,3,29,1592.21,13,0,1,1,0,2026-03-31
100708,4,30,931.6,5,0,0,0,1,2026-04-30
100708,5,22,1455.32,11,1,0,1,0,2026-05-31
100708,6,28,841.26,22,0,0,1,0,2026-06-30
100709,1,17,1482.46,12,0,1,0,0,2026-01-31
100709,2,22,2577.03,10,0,1,0,0,2026-02-28
100709,3,12,399.43,17,2,1,1,0,2026-03-31
100709,4,31,1613.2,10,0,0,1,0,2026-04-30
100709,5,31,892.43,10,1,0,1,0,2026-05-31
100709,6,21,2648.88,7,1,0,1,0,2026-06-30
100710,1,1,41.08,14,0,1,1,0,2026-01-31
100710,2,1,147.71,11,0,0,1,0,2026-02-28
100710,3,1,87.42,10,0,0,1,0,2026-03-31
100710,4,2,285.97,11,0,1,0,0,2026-04-30
100710,5,2,217.79,8,1,0,1,0,2026-05-31
100710,6,2,40.64,24,0,1,1,0,2026-06-30
100711,1,9,1082.78,16,1,1,0,0,2026-01-31
100711,2,12,1450.61,12,0,0,0,1,2026-02-28
100711,3,6,157.13,14,0,1,1,1,2026-03-31
100711,4,5,664.48,15,1,0,1,1,2026-04-30
100711,5,9,728.87,26,0,1,0,0,2026-05-31
100711,6,9,360.32,17,0,0,0,0,2026-06-30
100712,1,18,1482.94,14,0,1,0,0,2026-01-31
100712,2,17,1310.86,9,0,0,1,0,2026-02-28
100712,3,20,1123.63,11,1,1,1,0,2026-03-31
100712,4,17,1903.08,10,0,0,0,0,2026-04-30
100712,5,12,1369.25,8,0,1,1,1,2026-05-31
100712,6,10,1264.92,11,1,0,0,0,2026-06-30
100713,1,19,1621.08,7,0,0,1,0,2026-01-31
100713,2,23,3270.4,14,0,0,0,0,2026-02-28
100713,3,12,389.64,7,1,0,0,1,2026-03-31
100713,4,20,2971.76,10,0,0,1,0,2026-04-30
100713,5,16,480.22,14,1,0,1,0,2026-05-31
100713,6,22,1600.25,9,0,0,0,1,2026-06-30
100714,1,13,1743.32,19,0,0,1,0,2026-01-31
100714,2,8,748.11,4,0,1,1,0,2026-02-28
100714,3,6,420.45,16,0,0,1,0,2026-03-31
100714,4,7,796.41,15,0,0,1,0,2026-04-30
100714,5,11,1167.27,9,1,1,0,0,2026-05-31
100714,6,6,536.79,11,0,1,1,0,2026-06-30
100715,1,6,683.1,17,2,1,1,0,2026-01-31
100715,2,6,785.87,7,0,1,1,0,2026-02-28
100715,3,10,452.96,16,1,0,1,0,2026-03-31
100715,4,11,1574.09,17,0,0,1,0,2026-04-30
100715,5,8,353.61,19,0,1,1,0,2026-05-31
100715,6,10,1315.29,14,0,1,0,0,2026-06-30
100716,1,23,2871.49,11,0,1,0,1,2026-01-31
100716,2,17,2105.61,4,0,0,1,0,2026-02-28
100716,3,18,1709.26,9,1,0,1,0,2026-03-31
100716,4,31,4609.3,17,0,0,0,0,2026-04-30
100716,5,12,750.4,20,0,1,1,0,2026-05-31
100716,6,31,3109.71,18,0,0,0,0,2026-06-30
100717,1,27,3460.15,4,0,1,0,0,2026-01-31
100717,2,27,1677.48,6,2,0,0,0,2026-02-28
100717,3,29,2012.84,15,0,1,0,0,2026-03-31
100717,4,27,3844.01,5,0,0,1,0,2026-04-30
100717,5,28,3398.23,16,0,0,1,0,2026-05-31
100717,6,19,2421.41,13,0,0,0,1,2026-06-30
100718,1,5,457.47,10,0,1,0,0,2026-01-31
100718,2,4,91.76,15,0,0,1,0,2026-02-28
100718,3,5,503.75,11,0,0,0,1,2026-03-31
100718,4,5,527.79,17,1,1,1,0,2026-04-30
100718,5,4,155.56,7,0,1,1,0,2026-05-31
100718,6,2,90.11,8,0,0,0,1,2026-06-30
100719,1,22,1285.9,17,1,0,1,0,2026-01-31
100719,2,20,1005.56,6,1,0,1,0,2026-02-28
100719,3,14,1695.81,9,0,0,0,1,2026-03-31
100719,4,21,1624.55,11,0,0,1,0,2026-04-30
100719,5,11,708.43,19,0,0,0,0,2026-05-31
100719,6,14,1952.57,12,0,1,1,0,2026-06-30
100720,1,12,970.14,10,0,0,0,1,2026-01-31
100720,2,12,1719.15,8,0,1,1,0,2026-02-28
100720,3,12,324.85,13,1,0,1,1,2026-03-31
100720,4,9,1066.15,9,0,0,1,0,2026-04-30
100720,5,14,904.34,8,0,0,1,1,2026-05-31
100720,6,17,1705.22,11,1,1,0,1,2026-06-30
100721,1,7,265.64,9,1,0,0,1,2026-01-31
100721,2,13,1115.18,4,0,1,1,0,2026-02-28
100721,3,14,1754.09,11,0,0,1,0,2026-03-31
100721,4,15,859.24,12,0,0,1,1,2026-04-30
100721,5,16,1252.26,7,0,0,0,0,2026-05-31
100721,6,7,450.36,11,0,1,1,0,2026-06-30
100722,1,25,1521.6,20,1,0,1,0,2026-01-31
100722,2,12,1264.59,8,0,1,1,0,2026-02-28
100722,3,23,2944.8,7,0,0,1,0,2026-03-31
100722,4,27,2021.53,20,0,0,0,0,2026-04-30
100722,5,18,2279.46,10,1,0,1,1,2026-05-31
100722,6,22,1789.95,14,0,0,0,0,2026-06-30
100723,1,18,663.56,13,1,0,1,0,2026-01-31
100723,2,15,752.7,7,0,0,1,0,2026-02-28
100723,3,18,2698.97,15,1,0,1,0,2026-03-31
100723,4,8,239.22,20,0,1,1,0,2026-04-30
100723,5,12,1723.24,15,1,0,1,0,2026-05-31
100723,6,10,988.2,15,0,0,1,0,2026-06-30
100724,1,10,1350.33,13,0,0,1,0,2026-01-31
100724,2,10,438.16,15,0,1,0,0,2026-02-28
100724,3,8,687.98,9,1,1,1,0,2026-03-31
100724,4,9,604.37,19,1,1,1,0,2026-04-30
100724,5,12,1233.67,19,0,0,1,0,2026-05-31
100724,6,11,683.68,13,0,0,1,0,2026-06-30
100725,1,5,723.43,9,1,0,0,0,2026-01-31
100725,2,8,760.8,21,1,0,1,0,2026-02-28
100725,3,4,372.54,15,0,0,0,0,2026-03-31
100725,4,4,567.6,13,0,0,1,1,2026-04-30
100725,5,6,194.86,8,0,0,1,1,2026-05-31
100725,6,6,324.19,13,1,0,1,0,2026-06-30
100726,1,7,667.34,12,0,0,1,0,2026-01-31
100726,2,6,192.7,6,0,1,0,0,2026-02-28
100726,3,6,612.36,11,1,1,1,0,2026-03-31
100726,4,6,347.78,19,1,0,1,1,2026-04-30
100726,5,8,1196.74,5,0,0,1,1,2026-05-31
100726,6,4,310.21,16,0,1,1,1,2026-06-30
100727,1,18,2601.54,17,0,0,1,1,2026-01-31
100727,2,15,976.56,16,0,0,1,0,2026-02-28
100727,3,24,2281.24,10,1,1,1,0,2026-03-31
100727,4,13,394.33,13,0,0,0,0,2026-04-30
100727,5,21,1603.04,10,2,1,1,0,2026-05-31
100727,6,15,1807.68,10,1,0,1,0,2026-06-30
100728,1,12,1048.66,20,0,0,1,0,2026-01-31
100728,2,15,1384.38,13,1,0,1,0,2026-02-28
100728,3,17,401.64,17,0,1,1,0,2026-03-31
100728,4,17,997.05,13,1,0,1,0,2026-04-30
100728,5,15,1954.72,10,1,1,1,0,2026-05-31
100728,6,7,616.26,12,1,0,1,1,2026-06-30
100729,1,16,356.58,11,1,0,1,0,2026-01-31
100729,2,11,1522.36,8,1,1,1,1,2026-02-28
100729,3,11,894.81,12,0,0,1,0,2026-03-31
100729,4,9,993.59,11,0,1,1,0,2026-04-30
100729,5,18,877.91,10,0,0,1,0,2026-05-31
100729,6,8,1088.16,12,0,0,1,0,2026-06-30
100730,1,8,558.21,8,1,0,1,0,2026-01-31
100730,2,15,751.05,11,0,1,1,0,2026-02-28
100730,3,7,1004.21,7,0,0,0,0,2026-03-31
100730,4,11,789.09,13,2,0,1,0,2026-04-30
100730,5,10,686.83,11,0,1,1,0,2026-05-31
100730,6,9,1065.55,16,1,1,0,0,2026-06-30
100731,1,14,442.7,14,0,1,0,0,2026-01-31
100731,2,10,1105.58,10,0,0,1,1,2026-02-28
100731,3,9,678.14,12,0,0,1,0,2026-03-31
100731,4,12,1334.87,22,2,0,0,1,2026-04-30
100731,5,10,1417.29,9,0,0,1,0,2026-05-31
100731,6,14,1621.91,5,0,1,0,0,2026-06-30
100732,1,15,553.34,4,0,1,1,1,2026-01-31
100732,2,21,1696.74,8,0,0,0,1,2026-02-28
100732,3,18,1703.33,10,0,0,0,1,2026-03-31
100732,4,9,1333.3,15,0,1,1,0,2026-04-30
100732,5,14,1884.36,11,0,0,1,0,2026-05-31
100732,6,17,1267.73,8,1,0,1,0,2026-06-30
100733,1,6,633.5,11,0,1,1,0,2026-01-31
100733,2,3,245.17,15,0,1,1,0,2026-02-28
100733,3,7,486.07,3,0,1,0,0,2026-03-31
100733,4,6,638.84,10,0,0,0,0,2026-04-30
100733,5,5,110.45,12,0,0,1,0,2026-05-31
100733,6,3,300.67,6,1,1,0,1,2026-06-30
100734,1,11,859.62,11,0,0,1,0,2026-01-31
100734,2,13,738.37,18,0,0,1,0,2026-02-28
100734,3,10,371.28,21,0,0,1,1,2026-03-31
100734,4,6,659.84,9,1,1,0,0,2026-04-30
100734,5,11,447.21,15,1,0,1,0,2026-05-31
100734,6,6,537.25,11,0,0,1,0,2026-06-30
100735,1,21,1645.15,15,0,1,0,0,2026-01-31
100735,2,15,593.96,13,1,1,0,1,2026-02-28
100735,3,20,918.04,13,1,1,1,0,2026-03-31
100735,4,24,3002.1,11,0,0,1,0,2026-04-30
100735,5,15,933.93,18,0,1,1,0,2026-05-31
100735,6,14,488.27,9,0,0,1,1,2026-06-30
100736,1,7,396.77,15,0,0,0,0,2026-01-31
100736,2,11,1379.76,18,0,1,0,0,2026-02-28
100736,3,9,748.21,14,0,0,1,0,2026-03-31
100736,4,8,278.45,17,1,1,0,0,2026-04-30
100736,5,13,1449.61,11,0,0,1,0,2026-05-31
100736,6,13,1268.04,15,0,1,0,0,2026-06-30
100737,1,23,3398.67,3,0,0,1,0,2026-01-31
100737,2,12,1210.84,5,1,0,1,1,2026-02-28
100737,3,14,1650.14,6,0,0,1,0,2026-03-31
100737,4,26,1448.24,10,0,0,1,0,2026-04-30
100737,5,26,754.14,9,0,1,1,0,2026-05-31
100737,6,22,1119.39,10,1,1,1,0,2026-06-30
100738,1,2,59.35,15,1,0,1,0,2026-01-31
100738,2,1,82.13,5,0,0,1,0,2026-02-28
100738,3,2,244.94,11,0,1,0,0,2026-03-31
100738,4,1,38.58,14,1,1,1,0,2026-04-30
100738,5,2,227.25,20,0,1,1,0,2026-05-31
100738,6,4,217.44,8,0,0,1,0,2026-06-30
100739,1,14,305.76,16,0,0,0,0,2026-01-31
100739,2,12,845.78,12,1,0,0,0,2026-02-28
100739,3,15,418.35,23,0,1,1,0,2026-03-31
100739,4,20,1934.62,12,1,1,0,0,2026-04-30
100739,5,10,1099.72,9,0,0,1,0,2026-05-31
100739,6,15,2191.6,18,0,1,1,0,2026-06-30
100740,1,17,522.26,9,0,1,1,0,2026-01-31
100740,2,10,247.74,15,2,1,1,0,2026-02-28
100740,3,16,631.4,23,1,1,0,0,2026-03-31
100740,4,23,939.45,15,2,0,1,0,2026-04-30
100740,5,15,1944.04,12,0,1,1,0,2026-05-31
100740,6,21,1841.12,8,0,0,0,1,2026-06-30
100741,1,16,2283.51,15,0,1,1,0,2026-01-31
100741,2,15,1033.57,6,1,1,0,0,2026-02-28
100741,3,12,1309.17,16,0,0,1,1,2026-03-31
100741,4,11,1056.15,4,1,1,1,0,2026-04-30
100741,5,16,2238.32,23,1,0,0,0,2026-05-31
100741,6,17,2485.18,10,0,1,0,0,2026-06-30
100742,1,22,3140.32,5,0,1,1,0,2026-01-31
100742,2,11,946.23,17,1,0,0,0,2026-02-28
100742,3,16,2234.44,20,2,0,1,0,2026-03-31
100742,4,20,1292.69,13,0,0,1,0,2026-04-30
100742,5,9,850.51,10,1,0,0,1,2026-05-31
100742,6,11,946.63,16,0,1,0,1,2026-06-30
100743,1,8,496.5,19,0,0,1,1,2026-01-31
100743,2,14,1242.78,17,0,1,0,0,2026-02-28
100743,3,8,1106.38,18,0,0,0,0,2026-03-31
100743,4,10,731.87,10,0,0,1,0,2026-04-30
100743,5,11,383.31,8,0,0,1,1,2026-05-31
100743,6,7,594.67,13,0,0,0,0,2026-06-30
100744,1,8,795.32,11,0,1,1,1,2026-01-31
100744,2,9,259.91,14,0,0,1,0,2026-02-28
100744,3,9,414.29,17,0,0,0,1,2026-03-31
100744,4,4,488.7,7,2,1,1,0,2026-04-30
100744,5,7,1049.47,12,0,0,1,0,2026-05-31
100744,6,4,333.58,11,0,0,1,0,2026-06-30
100745,1,9,669.58,11,0,0,1,0,2026-01-31
100745,2,5,656.64,20,1,0,1,0,2026-02-28
100745,3,7,1018.14,9,0,0,1,0,2026-03-31
100745,4,7,868.66,6,1,0,0,1,2026-04-30
100745,5,7,819.53,7,0,1,1,0,2026-05-31
100745,6,9,1103.34,12,1,1,0,0,2026-06-30
100746,1,7,705.39,15,0,0,1,0,2026-01-31
100746,2,11,681.89,18,1,1,1,1,2026-02-28
100746,3,7,985.03,11,2,0,0,1,2026-03-31
100746,4,9,890.07,14,0,1,1,1,2026-04-30
100746,5,8,423.59,14,0,0,0,1,2026-05-31
100746,6,9,975.79,16,0,1,1,0,2026-06-30
100747,1,18,755.94,13,0,0,0,0,2026-01-31
100747,2,10,343.99,11,0,0,0,1,2026-02-28
100747,3,9,258.49,15,0,0,1,0,2026-03-31
100747,4,9,1019.16,18,0,0,1,0,2026-04-30
100747,5,9,1347.6,9,0,1,1,0,2026-05-31
100747,6,14,1868.59,13,0,0,1,1,2026-06-30
100748,1,21,2117.44,13,0,1,1,1,2026-01-31
100748,2,13,935.66,8,1,1,1,0,2026-02-28
100748,3,22,686.09,11,1,0,1,0,2026-03-31
100748,4,20,2265.15,13,0,0,1,0,2026-04-30
100748,5,10,673.15,6,1,0,0,0,2026-05-31
100748,6,15,423.18,9,0,1,1,0,2026-06-30
100749,1,12,582.6,10,0,0,1,0,2026-01-31
100749,2,18,2102.97,15,0,1,1,0,2026-02-28
100749,3,26,1253.59,12,0,0,1,0,2026-03-31
100749,4,22,2711.14,10,1,0,0,0,2026-04-30
100749,5,21,2764.38,13,1,0,1,0,2026-05-31
100749,6,21,2742.94,9,1,0,1,0,2026-06-30
100750,1,4,281.44,8,1,1,1,1,2026-01-31
100750,2,3,140.86,15,0,0,0,1,2026-02-28
100750,3,4,295.11,11,0,1,1,1,2026-03-31
100750,4,5,474.92,9,1,1,1,0,2026-04-30
100750,5,4,482.17,5,1,0,1,1,2026-05-31
100750,6,4,190.95,6,0,1,0,0,2026-06-30
100751,1,4,568.19,16,2,1,0,0,2026-01-31
100751,2,7,1002.44,12,1,1,1,0,2026-02-28
100751,3,2,151.79,15,1,0,0,0,2026-03-31
100751,4,4,557.4,18,0,0,1,1,2026-04-30
100751,5,3,133.51,8,0,0,1,0,2026-05-31
100751,6,5,534.55,11,2,0,1,1,2026-06-30
100752,1,11,802.32,22,0,1,0,0,2026-01-31
100752,2,12,680.8,12,1,0,1,0,2026-02-28
100752,3,7,355.92,11,0,1,1,0,2026-03-31
100752,4,7,740.29,9,1,0,1,0,2026-04-30
100752,5,8,921.36,14,2,0,1,1,2026-05-31
100752,6,10,1081.77,12,0,1,1,0,2026-06-30
100753,1,13,273.39,22,0,0,1,0,2026-01-31
100753,2,10,1142.93,15,0,0,1,0,2026-02-28
100753,3,13,1762.51,7,0,0,1,0,2026-03-31
100753,4,5,130.7,13,0,0,1,0,2026-04-30
100753,5,12,1340.86,17,0,1,1,0,2026-05-31
100753,6,7,508.83,6,0,0,0,0,2026-06-30
100754,1,2,108.69,9,2,1,1,1,2026-01-31
100754,2,1,25.14,15,1,0,0,0,2026-02-28
100754,3,1,129.88,13,0,1,1,0,2026-03-31
100754,4,1,60.9,4,0,0,1,1,2026-04-30
100754,5,1,28.58,8,1,0,1,0,2026-05-31
100754,6,1,67.23,10,0,1,1,0,2026-06-30
100755,1,19,692.73,19,0,0,1,1,2026-01-31
100755,2,18,1595.71,16,0,1,1,0,2026-02-28
100755,3,19,2607.66,4,2,0,1,0,2026-03-31
100755,4,12,1204.24,14,0,0,0,1,2026-04-30
100755,5,16,710.12,7,0,0,0,0,2026-05-31
100755,6,20,2056.62,6,1,0,0,1,2026-06-30
100756,1,8,242.17,13,0,1,1,0,2026-01-31
100756,2,8,664.91,12,0,0,0,0,2026-02-28
100756,3,9,1120.65,19,0,0,1,0,2026-03-31
100756,4,5,340.84,7,1,1,1,0,2026-04-30
100756,5,11,1125.53,9,0,0,0,0,2026-05-31
100756,6,6,670.41,7,0,0,1,1,2026-06-30
100757,1,13,825.83,12,0,0,1,0,2026-01-31
100757,2,18,1443.84,11,1,0,1,0,2026-02-28
100757,3,13,549.61,8,0,1,1,1,2026-03-31
100757,4,9,1334.18,11,0,0,0,0,2026-04-30
100757,5,20,1258.56,12,1,0,1,0,2026-05-31
100757,6,8,493.88,8,0,1,1,0,2026-06-30
100758,1,15,555.04,9,0,0,1,0,2026-01-31
100758,2,18,1557.08,11,0,1,0,0,2026-02-28
100758,3,13,337.35,16,1,1,1,0,2026-03-31
100758,4,9,700.12,7,0,0,1,0,2026-04-30
100758,5,12,1538.24,15,0,1,1,0,2026-05-31
100758,6,20,485.99,9,0,0,1,0,2026-06-30
100759,1,14,1855.63,16,0,0,0,0,2026-01-31
100759,2,16,1903.05,14,0,1,1,1,2026-02-28
100759,3,18,2163.9,5,1,1,1,1,2026-03-31
100759,4,13,807.22,15,0,0,0,0,2026-04-30
100759,5,13,470.63,12,1,0,1,0,2026-05-31
100759,6,7,882.07,13,0,1,1,0,2026-06-30
100760,1,14,392.86,14,0,1,0,0,2026-01-31
100760,2,13,500.96,10,1,0,1,0,2026-02-28
100760,3,18,1046.63,9,0,0,0,0,2026-03-31
100760,4,11,733.92,8,0,0,1,0,2026-04-30
100760,5,15,1420.37,12,0,1,1,0,2026-05-31
100760,6,20,2351.42,16,1,0,1,1,2026-06-30
100761,1,6,535.57,7,0,0,1,0,2026-01-31
100761,2,7,590.23,9,2,0,1,0,2026-02-28
100761,3,8,718.06,19,0,1,1,1,2026-03-31
100761,4,6,831.29,8,1,0,1,1,2026-04-30
100761,5,6,152.3,4,0,0,0,0,2026-05-31
100761,6,13,1067.83,11,0,0,0,0,2026-06-30
100762,1,12,925.67,11,0,1,0,0,2026-01-31
100762,2,9,774.09,9,0,0,1,0,2026-02-28
100762,3,17,1286.55,8,0,0,1,0,2026-03-31
100762,4,12,1484.94,11,1,0,1,0,2026-04-30
100762,5,13,1454.44,4,1,0,1,0,2026-05-31
100762,6,6,779.56,6,0,0,1,0,2026-06-30
100763,1,15,665.47,15,0,1,0,0,2026-01-31
100763,2,7,290.29,20,0,0,0,1,2026-02-28
100763,3,12,1799.52,19,0,0,1,0,2026-03-31
100763,4,13,862.17,10,0,0,1,0,2026-04-30
100763,5,18,2183.0,6,0,1,0,1,2026-05-31
100763,6,16,1521.97,10,0,0,1,0,2026-06-30
100764,1,9,823.95,21,1,0,1,0,2026-01-31
100764,2,9,718.0,8,0,0,0,0,2026-02-28
100764,3,13,1197.98,10,1,0,1,0,2026-03-31
100764,4,6,334.62,10,0,0,1,0,2026-04-30
100764,5,9,579.82,11,1,1,0,0,2026-05-31
100764,6,10,1234.04,18,0,0,1,0,2026-06-30
100765,1,21,970.01,9,0,1,1,0,2026-01-31
100765,2,22,1684.21,17,0,0,1,0,2026-02-28
100765,3,19,2300.52,14,0,0,1,1,2026-03-31
100765,4,13,1067.35,9,1,1,1,0,2026-04-30
100765,5,14,700.9,10,0,0,0,0,2026-05-31
100765,6,25,857.15,11,2,1,1,0,2026-06-30
100766,1,18,2206.35,15,0,1,1,0,2026-01-31
100766,2,11,229.41,21,0,1,1,1,2026-02-28
100766,3,9,1204.58,13,0,0,1,0,2026-03-31
100766,4,11,762.67,11,1,1,1,0,2026-04-30
100766,5,13,548.91,15,1,0,1,1,2026-05-31
100766,6,11,1484.01,15,0,0,0,0,2026-06-30
100767,1,20,2807.56,12,1,1,1,0,2026-01-31
100767,2,8,513.26,13,1,0,1,0,2026-02-28
100767,3,23,2607.48,11,0,0,1,0,2026-03-31
100767,4,22,2447.56,7,0,0,1,1,2026-04-30
100767,5,22,1454.79,13,0,0,1,0,2026-05-31
100767,6,22,1670.51,10,0,0,0,1,2026-06-30
100768,1,3,129.8,11,0,0,1,0,2026-01-31
100768,2,5,128.95,16,0,0,1,1,2026-02-28
100768,3,4,284.49,12,0,0,1,0,2026-03-31
100768,4,4,248.4,13,0,0,1,1,2026-04-30
100768,5,4,201.98,13,0,0,1,1,2026-05-31
100768,6,4,275.19,8,0,0,1,0,2026-06-30
100769,1,6,270.79,10,0,1,1,0,2026-01-31
100769,2,5,564.29,17,0,0,0,1,2026-02-28
100769,3,5,280.37,11,1,1,0,0,2026-03-31
100769,4,6,405.0,13,0,0,1,1,2026-04-30
100769,5,5,154.19,11,0,0,1,1,2026-05-31
100769,6,6,510.31,13,0,0,1,0,2026-06-30
100770,1,13,1301.55,15,1,0,1,0,2026-01-31
100770,2,13,1389.28,17,0,0,0,0,2026-02-28
100770,3,28,718.63,15,3,1,1,1,2026-03-31
100770,4,23,2794.93,16,1,1,1,1,2026-04-30
100770,5,23,2243.9,14,1,0,0,0,2026-05-31
100770,6,14,860.85,14,0,0,0,0,2026-06-30
100771,1,4,559.29,10,0,1,0,1,2026-01-31
100771,2,2,298.82,15,0,1,1,0,2026-02-28
100771,3,4,83.41,16,0,0,1,0,2026-03-31
100771,4,3,260.76,15,2,1,1,0,2026-04-30
100771,5,2,59.9,11,0,0,1,0,2026-05-31
100771,6,1,114.17,10,1,1,1,0,2026-06-30
100772,1,19,877.83,11,0,1,1,1,2026-01-31
100772,2,27,3948.53,10,0,0,1,1,2026-02-28
100772,3,29,1558.86,12,0,1,0,0,2026-03-31
100772,4,18,2121.49,12,2,0,1,0,2026-04-30
100772,5,20,1692.75,10,0,1,0,1,2026-05-31
100772,6,25,569.95,7,0,0,0,0,2026-06-30
100773,1,27,768.51,8,0,1,1,0,2026-01-31
100773,2,22,2777.24,10,0,1,1,1,2026-02-28
100773,3,14,960.97,9,0,1,1,0,2026-03-31
100773,4,18,2036.38,7,1,0,1,0,2026-04-30
100773,5,16,1376.56,11,0,1,1,0,2026-05-31
100773,6,18,976.65,8,0,0,0,0,2026-06-30
100774,1,5,719.55,8,0,0,1,1,2026-01-31
100774,2,3,337.22,5,0,1,1,1,2026-02-28
100774,3,5,461.7,9,0,0,0,1,2026-03-31
100774,4,4,539.79,12,1,0,1,0,2026-04-30
100774,5,4,512.98,10,0,0,1,0,2026-05-31
100774,6,3,224.08,7,0,0,1,0,2026-06-30
100775,1,21,2711.03,10,0,1,0,0,2026-01-31
100775,2,16,2387.52,7,0,1,1,0,2026-02-28
100775,3,11,1148.98,9,0,0,1,0,2026-03-31
100775,4,23,1007.08,8,1,0,1,0,2026-04-30
100775,5,17,1955.04,12,1,0,1,0,2026-05-31
100775,6,21,2453.52,11,0,0,1,0,2026-06-30
100776,1,9,1133.67,4,1,0,1,0,2026-01-31
100776,2,14,1939.01,14,2,1,1,0,2026-02-28
100776,3,12,1112.52,13,0,0,1,0,2026-03-31
100776,4,10,1425.66,12,0,0,1,0,2026-04-30
100776,5,5,574.55,8,0,0,1,0,2026-05-31
100776,6,14,818.66,17,2,0,0,0,2026-06-30
100777,1,13,1027.59,16,0,0,0,0,2026-01-31
100777,2,28,2132.35,20,0,0,1,0,2026-02-28
100777,3,14,1966.86,9,1,0,1,0,2026-03-31
100777,4,17,1790.06,11,0,0,1,0,2026-04-30
100777,5,12,723.53,11,0,1,0,0,2026-05-31
100777,6,20,2392.21,18,0,1,0,0,2026-06-30
100778,1,15,1405.63,14,1,1,1,0,2026-01-31
100778,2,15,2227.03,22,1,0,0,0,2026-02-28
100778,3,14,454.56,11,0,1,1,0,2026-03-31
100778,4,15,2186.18,6,0,1,0,1,2026-04-30
100778,5,15,1757.71,3,0,1,1,0,2026-05-31
100778,6,15,1487.05,10,1,0,1,0,2026-06-30
100779,1,12,1767.36,13,1,1,1,0,2026-01-31
100779,2,9,892.9,9,0,0,1,0,2026-02-28
100779,3,7,885.4,13,0,0,1,0,2026-03-31
100779,4,10,893.14,15,0,1,0,0,2026-04-30
100779,5,5,206.3,12,1,1,0,0,2026-05-31
100779,6,4,348.15,14,0,0,1,0,2026-06-30
100780,1,21,2632.3,3,0,0,1,0,2026-01-31
100780,2,14,1296.71,13,0,0,1,0,2026-02-28
100780,3,10,722.57,11,0,1,1,0,2026-03-31
100780,4,15,497.42,16,0,1,0,0,2026-04-30
100780,5,12,1338.4,14,0,0,1,0,2026-05-31
100780,6,9,755.39,13,0,0,1,0,2026-06-30
100781,1,27,1982.44,10,0,1,1,0,2026-01-31
100781,2,16,2343.75,11,0,1,0,0,2026-02-28
100781,3,25,2236.5,8,1,0,1,1,2026-03-31
100781,4,28,1074.3,12,0,1,0,0,2026-04-30
100781,5,14,356.32,16,0,1,1,0,2026-05-31
100781,6,27,2595.37,6,2,0,1,0,2026-06-30
100782,1,26,875.06,6,0,1,1,0,2026-01-31
100782,2,20,2990.1,9,2,1,1,0,2026-02-28
100782,3,22,2573.64,15,0,0,1,0,2026-03-31
100782,4,18,2625.01,11,0,0,1,1,2026-04-30
100782,5,36,808.59,7,1,0,0,0,2026-05-31
100782,6,20,1406.04,19,1,1,0,1,2026-06-30
100783,1,5,542.68,16,0,1,1,1,2026-01-31
100783,2,4,549.16,16,1,1,0,0,2026-02-28
100783,3,8,796.42,20,0,1,1,0,2026-03-31
100783,4,4,87.05,5,1,0,1,0,2026-04-30
100783,5,3,282.93,14,0,0,0,0,2026-05-31
100783,6,6,808.49,10,0,0,1,0,2026-06-30
100784,1,18,2196.82,16,1,0,1,0,2026-01-31
100784,2,28,2679.02,8,1,0,1,0,2026-02-28
100784,3,25,1579.16,17,0,0,1,0,2026-03-31
100784,4,26,2015.58,18,1,1,0,0,2026-04-30
100784,5,25,1449.99,11,0,0,1,0,2026-05-31
100784,6,16,976.56,11,1,0,1,0,2026-06-30
100785,1,9,806.52,16,1,0,1,0,2026-01-31
100785,2,4,368.03,10,0,0,1,0,2026-02-28
100785,3,3,66.89,19,0,1,1,0,2026-03-31
100785,4,5,456.72,13,0,0,1,0,2026-04-30
100785,5,5,659.42,19,0,0,1,0,2026-05-31
100785,6,7,163.8,7,0,1,1,0,2026-06-30
100786,1,2,244.07,5,1,1,0,0,2026-01-31
100786,2,4,401.74,15,0,0,1,0,2026-02-28
100786,3,4,182.73,9,1,1,0,0,2026-03-31
100786,4,3,356.71,1,1,1,0,0,2026-04-30
100786,5,5,148.67,9,0,1,0,0,2026-05-31
100786,6,5,665.42,9,0,0,0,0,2026-06-30
100787,1,6,505.33,5,0,1,0,0,2026-01-31
100787,2,14,1178.68,10,1,0,1,0,2026-02-28
100787,3,5,477.5,9,0,0,1,0,2026-03-31
100787,4,12,969.38,15,1,0,1,1,2026-04-30
100787,5,11,329.97,15,1,1,0,0,2026-05-31
100787,6,13,1730.19,9,0,1,1,0,2026-06-30
100788,1,21,1834.12,6,0,1,1,0,2026-01-31
100788,2,18,2031.63,6,0,0,0,0,2026-02-28
100788,3,17,1174.18,7,1,1,1,0,2026-03-31
100788,4,27,3704.87,13,0,1,0,1,2026-04-30
100788,5,20,2483.49,6,1,1,1,0,2026-05-31
100788,6,27,3723.5,21,0,1,0,1,2026-06-30
100789,1,24,3358.1,12,0,1,1,0,2026-01-31
100789,2,17,1077.44,13,1,1,1,0,2026-02-28
100789,3,31,2106.85,19,0,1,1,0,2026-03-31
100789,4,26,3439.32,13,1,0,1,0,2026-04-30
100789,5,18,1295.3,14,0,0,1,0,2026-05-31
100789,6,29,3789.34,19,0,1,0,0,2026-06-30
100790,1,10,636.44,7,0,0,1,1,2026-01-31
100790,2,5,660.32,6,0,0,1,1,2026-02-28
100790,3,7,775.13,16,3,1,1,1,2026-03-31
100790,4,11,603.05,9,0,1,0,0,2026-04-30
100790,5,10,547.18,13,0,1,1,0,2026-05-31
100790,6,10,1107.18,14,0,1,1,0,2026-06-30
100791,1,14,458.75,18,1,1,1,0,2026-01-31
100791,2,15,1538.17,4,0,0,1,0,2026-02-28
100791,3,13,1555.82,17,0,0,1,0,2026-03-31
100791,4,8,870.97,13,0,1,1,0,2026-04-30
100791,5,8,1089.19,16,0,0,1,1,2026-05-31
100791,6,9,360.45,8,1,0,1,1,2026-06-30
100792,1,2,185.38,15,0,1,1,0,2026-01-31
100792,2,4,595.24,20,0,0,0,0,2026-02-28
100792,3,3,316.1,14,0,0,1,1,2026-03-31
100792,4,5,687.76,9,1,1,0,0,2026-04-30
100792,5,3,212.36,12,2,0,1,0,2026-05-31
100792,6,3,162.77,7,0,0,1,1,2026-06-30
100793,1,6,710.92,13,0,1,1,0,2026-01-31
100793,2,5,739.59,14,0,1,1,1,2026-02-28
100793,3,5,488.95,11,0,1,1,0,2026-03-31
100793,4,4,260.51,6,0,0,1,0,2026-04-30
100793,5,8,1064.01,9,1,1,1,0,2026-05-31
100793,6,8,641.05,9,1,0,0,1,2026-06-30
100794,1,3,339.03,11,1,1,1,0,2026-01-31
100794,2,8,321.42,13,0,0,1,0,2026-02-28
100794,3,8,193.9,21,0,0,1,0,2026-03-31
100794,4,3,265.63,11,1,0,1,0,2026-04-30
100794,5,6,500.71,6,0,0,1,0,2026-05-31
100794,6,4,427.37,16,1,1,0,0,2026-06-30
100795,1,17,1652.46,14,0,0,1,0,2026-01-31
100795,2,11,542.09,8,1,0,1,0,2026-02-28
100795,3,11,1500.66,17,0,1,0,0,2026-03-31
100795,4,22,2554.28,12,1,0,1,1,2026-04-30
100795,5,17,2028.41,9,2,1,1,0,2026-05-31
100795,6,24,1514.42,11,0,0,1,0,2026-06-30
100796,1,12,1000.14,22,0,1,0,0,2026-01-31
100796,2,17,2154.21,17,0,1,1,0,2026-02-28
100796,3,18,2306.37,11,1,1,1,0,2026-03-31
100796,4,11,1183.48,13,0,0,1,0,2026-04-30
100796,5,16,901.66,11,0,1,1,0,2026-05-31
100796,6,20,1279.02,12,0,1,1,0,2026-06-30
100797,1,7,451.29,13,0,1,0,0,2026-01-31
100797,2,5,364.02,6,2,0,1,0,2026-02-28
100797,3,7,730.03,20,0,0,1,1,2026-03-31
100797,4,5,288.48,8,1,1,1,0,2026-04-30
100797,5,6,635.16,12,1,0,0,1,2026-05-31
100797,6,5,393.83,15,0,0,1,1,2026-06-30
100798,1,8,1095.88,8,1,0,1,0,2026-01-31
100798,2,5,401.11,11,0,0,1,1,2026-02-28
100798,3,6,818.94,6,0,0,0,0,2026-03-31
100798,4,7,955.67,12,0,0,1,0,2026-04-30
100798,5,5,159.95,7,0,0,0,0,2026-05-31
100798,6,7,796.4,9,2,0,1,0,2026-06-30
100799,1,5,398.08,17,2,0,0,0,2026-01-31
100799,2,8,465.84,14,2,1,1,0,2026-02-28
100799,3,5,643.94,14,0,0,1,0,2026-03-31
100799,4,6,242.5,9,1,0,0,0,2026-04-30
100799,5,8,902.89,21,1,0,1,0,2026-05-31
100799,6,10,205.75,11,1,1,0,0,2026-06-30
100800,1,7,701.87,9,0,1,0,0,2026-01-31
100800,2,8,1048.47,15,0,0,1,0,2026-02-28
100800,3,12,1568.58,8,0,0,1,0,2026-03-31
100800,4,14,975.84,10,1,0,1,0,2026-04-30
100800,5,9,245.0,10,0,0,1,0,2026-05-31
100800,6,9,234.08,14,1,0,0,1,2026-06-30
100801,1,8,852.38,17,2,0,1,0,2026-01-31
100801,2,21,752.32,13,1,1,1,0,2026-02-28
100801,3,18,2419.46,10,0,0,0,0,2026-03-31
100801,4,15,1829.97,17,1,0,1,0,2026-04-30
100801,5,18,1893.48,7,0,1,0,0,2026-05-31
100801,6,20,560.26,12,0,0,0,1,2026-06-30
100802,1,9,861.45,9,0,0,1,1,2026-01-31
100802,2,6,533.6,7,1,1,1,1,2026-02-28
100802,3,7,726.8,8,1,0,1,1,2026-03-31
100802,4,9,242.66,3,0,1,1,0,2026-04-30
100802,5,8,881.02,17,0,0,0,0,2026-05-31
100802,6,8,846.66,4,0,0,1,0,2026-06-30
100803,1,11,677.3,12,0,1,1,1,2026-01-31
100803,2,12,262.68,9,0,0,1,0,2026-02-28
100803,3,15,535.2,3,0,0,1,0,2026-03-31
100803,4,11,800.14,6,0,0,0,1,2026-04-30
100803,5,17,2127.36,7,1,1,1,0,2026-05-31
100803,6,18,2489.88,8,0,1,1,0,2026-06-30
100804,1,14,908.62,22,0,0,1,0,2026-01-31
100804,2,19,676.93,11,0,1,1,0,2026-02-28
100804,3,29,2523.19,11,0,0,1,1,2026-03-31
100804,4,16,873.92,18,1,0,1,0,2026-04-30
100804,5,15,959.39,9,0,0,0,0,2026-05-31
100804,6,25,3466.48,8,0,1,1,0,2026-06-30
100805,1,9,659.62,14,0,0,1,0,2026-01-31
100805,2,11,241.47,13,0,1,0,0,2026-02-28
100805,3,9,935.96,13,1,1,1,0,2026-03-31
100805,4,7,597.28,15,1,0,1,0,2026-04-30
100805,5,14,591.05,9,0,0,1,0,2026-05-31
100805,6,12,1531.34,9,0,0,1,0,2026-06-30
100806,1,12,899.04,13,0,1,1,0,2026-01-31
100806,2,15,639.09,11,1,0,0,0,2026-02-28
100806,3,11,668.71,13,1,1,1,0,2026-03-31
100806,4,15,408.38,13,1,1,1,1,2026-04-30
100806,5,12,1393.09,11,0,0,1,0,2026-05-31
100806,6,9,1233.32,19,0,1,1,0,2026-06-30
100807,1,18,1924.02,16,0,0,1,0,2026-01-31
100807,2,21,1299.11,8,0,1,1,0,2026-02-28
100807,3,13,1717.92,14,1,0,1,0,2026-03-31
100807,4,10,625.21,19,1,1,1,0,2026-04-30
100807,5,24,3373.17,17,1,0,1,0,2026-05-31
100807,6,21,1226.96,8,0,0,1,0,2026-06-30
100808,1,11,297.82,17,0,0,0,0,2026-01-31
100808,2,13,1182.59,9,0,1,0,0,2026-02-28
100808,3,17,1728.07,14,0,0,1,0,2026-03-31
100808,4,11,595.34,15,0,0,1,0,2026-04-30
100808,5,12,342.99,14,0,0,0,0,2026-05-31
100808,6,18,2498.17,16,1,0,1,0,2026-06-30
100809,1,6,498.72,10,0,1,1,0,2026-01-31
100809,2,3,105.28,11,2,0,0,0,2026-02-28
100809,3,7,535.25,5,0,0,0,0,2026-03-31
100809,4,7,289.6,6,0,0,1,0,2026-04-30
100809,5,4,481.17,11,0,1,1,0,2026-05-31
100809,6,4,225.03,14,1,0,0,1,2026-06-30
100810,1,19,407.03,5,0,0,1,0,2026-01-31
100810,2,23,828.18,12,1,0,1,0,2026-02-28
100810,3,11,1611.19,15,0,0,1,0,2026-03-31
100810,4,14,973.21,13,1,0,0,0,2026-04-30
100810,5,22,1049.28,19,0,0,1,0,2026-05-31
100810,6,19,2846.21,14,0,0,1,1,2026-06-30
100811,1,10,1107.9,14,0,1,1,0,2026-01-31
100811,2,13,639.31,11,1,1,1,0,2026-02-28
100811,3,10,924.59,8,0,0,1,0,2026-03-31
100811,4,19,1987.6,18,0,0,1,0,2026-04-30
100811,5,13,1671.78,11,0,1,1,0,2026-05-31
100811,6,13,1693.52,9,0,0,1,0,2026-06-30
100812,1,18,1434.86,16,1,0,0,0,2026-01-31
100812,2,23,1800.88,16,1,1,1,0,2026-02-28
100812,3,13,1200.03,15,0,1,1,0,2026-03-31
100812,4,20,944.72,8,0,1,0,0,2026-04-30
100812,5,14,1113.9,5,1,0,1,0,2026-05-31
100812,6,17,1498.31,10,0,0,0,0,2026-06-30
100813,1,9,720.39,12,0,0,1,1,2026-01-31
100813,2,13,1705.94,9,0,0,1,0,2026-02-28
100813,3,13,516.15,17,1,1,1,0,2026-03-31
100813,4,15,951.28,13,0,1,1,1,2026-04-30
100813,5,10,813.05,12,2,0,0,0,2026-05-31
100813,6,14,1242.54,14,1,1,1,0,2026-06-30
100814,1,10,722.28,7,0,1,1,0,2026-01-31
100814,2,8,1029.27,19,1,0,0,1,2026-02-28
100814,3,10,1334.53,17,1,0,0,0,2026-03-31
100814,4,5,211.85,7,0,1,0,0,2026-04-30
100814,5,5,621.51,21,0,1,1,1,2026-05-31
100814,6,10,431.75,15,0,0,1,0,2026-06-30
100815,1,14,2026.31,22,1,1,0,0,2026-01-31
100815,2,15,2117.58,19,0,0,0,0,2026-02-28
100815,3,15,1366.46,10,2,0,0,0,2026-03-31
100815,4,13,386.26,10,0,0,1,0,2026-04-30
100815,5,9,339.32,6,0,0,1,1,2026-05-31
100815,6,18,1595.0,21,1,1,0,0,2026-06-30
100816,1,11,1533.92,17,2,1,1,0,2026-01-31
100816,2,21,817.5,17,1,0,0,0,2026-02-28
100816,3,22,1655.15,12,0,1,1,0,2026-03-31
100816,4,13,385.32,4,1,1,1,0,2026-04-30
100816,5,23,3156.58,6,1,0,1,0,2026-05-31
100816,6,20,2524.79,6,2,0,1,0,2026-06-30
100817,1,11,342.97,17,1,1,1,0,2026-01-31
100817,2,10,1489.81,6,1,1,1,0,2026-02-28
100817,3,8,276.49,12,1,1,0,1,2026-03-31
100817,4,5,664.61,10,0,0,1,0,2026-04-30
100817,5,6,518.64,10,0,1,1,0,2026-05-31
100817,6,11,1290.97,17,1,1,0,0,2026-06-30
100818,1,20,2329.45,13,1,0,1,0,2026-01-31
100818,2,19,1357.31,7,1,0,1,1,2026-02-28
100818,3,12,1371.21,13,0,0,0,0,2026-03-31
100818,4,14,1896.92,10,1,0,1,0,2026-04-30
100818,5,10,1156.65,15,0,0,1,0,2026-05-31
100818,6,10,454.88,22,2,0,0,1,2026-06-30
100819,1,20,1827.83,11,0,1,1,0,2026-01-31
100819,2,15,1152.53,10,1,0,0,0,2026-02-28
100819,3,22,987.01,4,0,0,1,0,2026-03-31
100819,4,13,1011.18,11,2,0,1,0,2026-04-30
100819,5,11,877.01,18,1,0,1,0,2026-05-31
100819,6,12,968.65,13,1,0,1,1,2026-06-30
100820,1,17,1282.7,12,0,0,1,0,2026-01-31
100820,2,15,355.53,13,0,0,1,0,2026-02-28
100820,3,15,1082.01,15,0,0,1,0,2026-03-31
100820,4,12,1581.61,11,0,0,1,0,2026-04-30
100820,5,9,646.74,16,0,1,1,1,2026-05-31
100820,6,9,1082.0,9,1,0,1,0,2026-06-30
100821,1,20,1819.95,6,0,0,1,0,2026-01-31
100821,2,20,2392.34,11,0,0,0,0,2026-02-28
100821,3,14,1848.31,11,1,1,1,0,2026-03-31
100821,4,19,448.19,10,4,1,1,1,2026-04-30
100821,5,11,239.76,4,0,0,1,0,2026-05-31
100821,6,15,553.63,8,1,1,1,0,2026-06-30
100822,1,17,1278.71,10,0,0,1,0,2026-01-31
100822,2,16,2105.55,17,0,1,1,0,2026-02-28
100822,3,12,860.16,16,1,0,0,1,2026-03-31
100822,4,7,922.51,9,0,0,1,0,2026-04-30
100822,5,15,1639.38,10,0,0,0,0,2026-05-31
100822,6,18,503.22,10,0,0,0,0,2026-06-30
100823,1,23,924.6,12,1,1,1,1,2026-01-31
100823,2,24,3567.85,14,0,0,0,0,2026-02-28
100823,3,31,1844.73,9,0,0,0,1,2026-03-31
100823,4,30,3680.51,6,0,0,1,0,2026-04-30
100823,5,15,374.23,15,1,0,1,1,2026-05-31
100823,6,24,2638.46,11,0,0,1,1,2026-06-30
100824,1,7,757.06,14,0,1,1,0,2026-01-31
100824,2,7,932.29,17,0,0,1,0,2026-02-28
100824,3,14,721.61,8,0,0,1,0,2026-03-31
100824,4,15,1931.5,18,0,1,1,0,2026-04-30
100824,5,14,1938.68,11,0,1,1,0,2026-05-31
100824,6,17,1265.71,8,0,0,0,0,2026-06-30
100825,1,5,164.1,6,0,0,1,0,2026-01-31
100825,2,9,400.37,13,2,1,1,0,2026-02-28
100825,3,8,494.08,11,1,0,0,0,2026-03-31
100825,4,4,241.7,14,3,0,0,0,2026-04-30
100825,5,8,664.94,13,1,0,0,0,2026-05-31
100825,6,10,1224.79,16,0,0,1,0,2026-06-30
100826,1,10,1004.52,8,3,0,1,1,2026-01-31
100826,2,9,475.68,13,0,0,1,0,2026-02-28
100826,3,11,1313.29,18,0,1,1,0,2026-03-31
100826,4,5,513.33,8,1,0,0,0,2026-04-30
100826,5,9,1167.52,13,0,0,1,0,2026-05-31
100826,6,9,855.58,14,0,1,1,0,2026-06-30
100827,1,19,2560.88,10,1,1,1,0,2026-01-31
100827,2,14,1409.65,11,2,0,0,0,2026-02-28
100827,3,14,1203.93,6,0,0,1,0,2026-03-31
100827,4,11,1361.09,10,1,0,1,1,2026-04-30
100827,5,12,848.73,7,1,1,0,1,2026-05-31
100827,6,10,490.72,6,0,0,0,1,2026-06-30
100828,1,9,1107.34,9,0,0,0,0,2026-01-31
100828,2,5,307.29,14,0,1,1,0,2026-02-28
100828,3,10,1265.63,14,0,0,1,1,2026-03-31
100828,4,5,231.75,16,0,0,1,1,2026-04-30
100828,5,13,346.02,17,1,0,0,0,2026-05-31
100828,6,11,981.78,5,0,1,1,1,2026-06-30
100829,1,8,408.91,12,0,0,0,0,2026-01-31
100829,2,7,1020.44,23,0,0,1,0,2026-02-28
100829,3,8,685.96,17,1,0,1,0,2026-03-31
100829,4,7,813.48,6,1,0,1,0,2026-04-30
100829,5,9,1076.8,12,0,1,1,0,2026-05-31
100829,6,10,1478.3,18,0,1,1,0,2026-06-30
100830,1,8,708.27,10,1,1,0,0,2026-01-31
100830,2,8,409.7,7,0,0,0,0,2026-02-28
100830,3,6,313.82,18,0,1,0,1,2026-03-31
100830,4,7,768.75,13,1,0,1,0,2026-04-30
100830,5,7,256.36,14,0,0,0,1,2026-05-31
100830,6,8,960.0,11,1,1,0,0,2026-06-30
100831,1,25,2745.7,15,1,0,1,0,2026-01-31
100831,2,19,402.25,9,0,1,1,0,2026-02-28
100831,3,18,2540.11,7,0,1,1,1,2026-03-31
100831,4,23,1310.16,21,1,0,1,1,2026-04-30
100831,5,27,3682.76,20,0,0,0,0,2026-05-31
100831,6,16,1618.29,4,0,0,0,0,2026-06-30
100832,1,18,395.97,10,0,0,1,0,2026-01-31
100832,2,12,955.99,17,1,0,0,0,2026-02-28
100832,3,15,1660.73,13,0,0,1,1,2026-03-31
100832,4,11,308.82,10,0,1,1,0,2026-04-30
100832,5,10,254.52,10,1,0,1,0,2026-05-31
100832,6,15,1884.8,9,0,1,0,0,2026-06-30
100833,1,30,2333.97,8,1,1,1,0,2026-01-31
100833,2,26,2392.62,10,0,1,1,0,2026-02-28
100833,3,22,2774.44,14,0,0,1,0,2026-03-31
100833,4,30,3244.3,10,0,1,1,0,2026-04-30
100833,5,31,1041.74,9,0,0,1,1,2026-05-31
100833,6,20,440.11,13,0,0,1,1,2026-06-30
100834,1,13,680.08,13,1,1,1,0,2026-01-31
100834,2,14,1720.41,15,1,0,1,1,2026-02-28
100834,3,11,471.77,11,1,0,1,0,2026-03-31
100834,4,13,614.22,9,1,1,1,0,2026-04-30
100834,5,8,1076.62,12,0,1,0,0,2026-05-31
100834,6,5,503.78,8,0,1,1,0,2026-06-30
100835,1,5,457.7,13,1,0,1,1,2026-01-31
100835,2,5,630.43,10,0,1,0,0,2026-02-28
100835,3,9,808.51,12,0,0,1,1,2026-03-31
100835,4,7,787.16,7,0,1,1,0,2026-04-30
100835,5,8,279.07,14,0,1,0,0,2026-05-31
100835,6,13,797.38,13,2,0,1,1,2026-06-30
100836,1,7,521.69,16,0,1,0,0,2026-01-31
100836,2,6,861.95,20,0,0,1,0,2026-02-28
100836,3,3,99.75,5,0,0,0,1,2026-03-31
100836,4,8,935.42,10,1,1,1,0,2026-04-30
100836,5,5,478.98,17,0,0,0,0,2026-05-31
100836,6,4,454.26,11,0,0,0,0,2026-06-30
100837,1,5,518.52,12,0,0,0,0,2026-01-31
100837,2,6,629.41,11,0,1,1,0,2026-02-28
100837,3,4,537.98,11,1,0,1,0,2026-03-31
100837,4,4,496.88,9,0,1,1,0,2026-04-30
100837,5,5,587.63,8,0,1,1,0,2026-05-31
100837,6,9,469.33,12,0,0,1,0,2026-06-30
100838,1,18,2501.63,10,1,0,0,0,2026-01-31
100838,2,23,568.94,8,2,0,1,0,2026-02-28
100838,3,22,2600.85,15,1,0,1,0,2026-03-31
100838,4,16,815.99,10,1,1,1,0,2026-04-30
100838,5,18,2664.19,7,0,1,1,1,2026-05-31
100838,6,11,1518.49,2,1,0,0,0,2026-06-30
100839,1,21,1765.14,9,0,1,0,0,2026-01-31
100839,2,20,2370.25,19,0,1,1,0,2026-02-28
100839,3,23,1345.82,14,0,1,1,0,2026-03-31
100839,4,18,1889.87,14,0,0,1,0,2026-04-30
100839,5,10,1454.36,14,1,0,1,0,2026-05-31
100839,6,21,1469.46,14,0,0,0,1,2026-06-30
100840,1,9,204.53,5,1,1,1,1,2026-01-31
100840,2,4,257.83,13,1,0,1,0,2026-02-28
100840,3,7,779.1,8,0,1,1,0,2026-03-31
100840,4,8,437.82,5,0,0,1,0,2026-04-30
100840,5,6,662.14,19,0,0,0,0,2026-05-31
100840,6,9,308.72,9,0,0,1,0,2026-06-30
100841,1,21,2752.5,10,0,0,1,0,2026-01-31
100841,2,13,275.44,6,0,1,1,0,2026-02-28
100841,3,13,871.96,10,0,0,1,0,2026-03-31
100841,4,18,2139.92,14,1,0,0,0,2026-04-30
100841,5,21,1389.44,10,0,1,0,0,2026-05-31
100841,6,30,1329.68,13,2,1,0,0,2026-06-30
100842,1,10,764.37,6,0,0,1,1,2026-01-31
100842,2,14,849.13,12,0,0,0,1,2026-02-28
100842,3,8,225.94,5,0,0,0,0,2026-03-31
100842,4,8,534.57,11,0,1,0,0,2026-04-30
100842,5,8,957.22,11,1,1,1,0,2026-05-31
100842,6,12,743.6,7,1,1,1,1,2026-06-30
100843,1,6,174.06,13,0,0,1,0,2026-01-31
100843,2,9,621.22,13,0,0,1,0,2026-02-28
100843,3,6,304.1,16,0,0,1,0,2026-03-31
100843,4,4,554.48,23,2,0,1,0,2026-04-30
100843,5,7,598.99,20,1,0,0,1,2026-05-31
100843,6,8,1031.36,10,0,0,1,0,2026-06-30
100844,1,17,1325.49,14,1,1,1,0,2026-01-31
100844,2,8,799.96,6,0,1,1,0,2026-02-28
100844,3,13,939.82,13,0,0,1,0,2026-03-31
100844,4,12,926.74,5,0,1,1,0,2026-04-30
100844,5,8,1177.71,7,0,0,0,0,2026-05-31
100844,6,10,868.64,12,0,0,0,0,2026-06-30
100845,1,12,538.76,11,0,1,1,0,2026-01-31
100845,2,11,251.22,19,0,0,1,1,2026-02-28
100845,3,13,770.99,8,1,0,0,0,2026-03-31
100845,4,19,1485.49,10,1,0,1,0,2026-04-30
100845,5,15,1137.67,10,0,1,0,0,2026-05-31
100845,6,15,594.0,15,0,0,1,1,2026-06-30
100846,1,15,1792.44,9,1,0,1,1,2026-01-31
100846,2,11,1097.61,16,0,1,1,0,2026-02-28
100846,3,10,572.19,11,1,0,1,0,2026-03-31
100846,4,16,797.49,14,0,0,0,0,2026-04-30
100846,5,17,1449.21,8,0,1,1,0,2026-05-31
100846,6,16,1835.18,13,0,0,1,0,2026-06-30
100847,1,14,382.41,9,0,0,0,0,2026-01-31
100847,2,16,2072.48,8,1,1,0,0,2026-02-28
100847,3,8,170.94,5,0,1,0,0,2026-03-31
100847,4,6,170.92,10,0,0,1,0,2026-04-30
100847,5,13,652.76,14,1,1,1,1,2026-05-31
100847,6,13,497.81,15,0,1,0,0,2026-06-30
100848,1,4,154.01,12,1,1,1,1,2026-01-31
100848,2,2,246.55,11,0,0,1,0,2026-02-28
100848,3,2,237.29,20,0,0,1,0,2026-03-31
100848,4,4,496.85,16,0,0,1,0,2026-04-30
100848,5,2,261.13,17,1,0,1,0,2026-05-31
100848,6,5,408.93,15,0,1,1,0,2026-06-30
100849,1,10,1246.72,8,0,1,0,0,2026-01-31
100849,2,9,994.91,7,1,1,0,0,2026-02-28
100849,3,11,1143.07,14,1,1,1,0,2026-03-31
100849,4,5,163.94,11,0,1,0,0,2026-04-30
100849,5,4,95.45,12,1,0,1,0,2026-05-31
100849,6,7,972.78,11,0,0,0,0,2026-06-30
100850,1,29,1844.96,20,1,1,1,0,2026-01-31
100850,2,17,1290.76,8,0,1,1,0,2026-02-28
100850,3,19,1941.61,17,0,0,1,0,2026-03-31
100850,4,20,1542.09,22,0,0,1,1,2026-04-30
100850,5,31,827.08,12,0,1,0,0,2026-05-31
100850,6,13,848.79,12,0,0,1,0,2026-06-30
100851,1,26,3705.03,18,0,1,0,0,2026-01-31
100851,2,30,1079.64,11,0,0,1,0,2026-02-28
100851,3,13,1512.42,20,1,0,1,0,2026-03-31
100851,4,22,500.07,21,1,1,1,0,2026-04-30
100851,5,26,2232.46,13,0,0,1,0,2026-05-31
100851,6,16,475.02,10,0,0,1,0,2026-06-30
100852,1,5,503.8,19,1,1,0,1,2026-01-31
100852,2,4,257.17,8,1,0,1,0,2026-02-28
100852,3,4,212.59,22,0,0,1,0,2026-03-31
100852,4,6,615.35,13,0,0,1,0,2026-04-30
100852,5,8,185.14,14,1,1,1,0,2026-05-31
100852,6,8,602.82,22,0,1,1,0,2026-06-30
100853,1,18,1161.79,15,0,0,1,0,2026-01-31
100853,2,20,1549.37,20,1,0,1,1,2026-02-28
100853,3,13,1546.78,13,0,0,1,0,2026-03-31
100853,4,15,1758.87,11,0,1,0,0,2026-04-30
100853,5,16,1879.61,11,0,0,1,0,2026-05-31
100853,6,14,1132.31,9,1,0,0,0,2026-06-30
100854,1,8,512.44,16,0,1,1,0,2026-01-31
100854,2,12,1690.55,8,0,0,1,1,2026-02-28
100854,3,6,635.72,9,1,0,1,0,2026-03-31
100854,4,6,649.21,5,0,0,1,0,2026-04-30
100854,5,11,636.12,16,1,1,1,0,2026-05-31
100854,6,6,721.23,17,1,0,0,0,2026-06-30
100855,1,19,2673.98,7,1,0,1,0,2026-01-31
100855,2,21,1806.36,25,0,1,1,1,2026-02-28
100855,3,12,242.8,11,0,0,0,0,2026-03-31
100855,4,14,383.16,15,1,1,0,1,2026-04-30
100855,5,14,716.15,11,2,1,1,1,2026-05-31
100855,6,15,2233.45,10,0,0,1,0,2026-06-30
100856,1,7,927.23,19,0,0,1,0,2026-01-31
100856,2,4,263.91,11,3,0,1,0,2026-02-28
100856,3,3,430.75,11,1,0,1,0,2026-03-31
100856,4,8,497.02,10,0,1,1,0,2026-04-30
100856,5,5,519.51,7,0,1,1,0,2026-05-31
100856,6,9,327.75,12,2,1,0,1,2026-06-30
100857,1,5,653.36,14,0,0,1,1,2026-01-31
100857,2,3,288.01,7,0,1,0,0,2026-02-28
100857,3,6,592.41,15,0,0,1,0,2026-03-31
100857,4,4,102.45,9,0,1,1,0,2026-04-30
100857,5,5,404.48,8,0,0,1,0,2026-05-31
100857,6,6,123.14,18,2,1,0,0,2026-06-30
100858,1,17,696.16,14,0,1,1,1,2026-01-31
100858,2,10,575.83,13,0,1,1,1,2026-02-28
100858,3,18,1642.69,21,1,0,1,1,2026-03-31
100858,4,21,800.25,10,0,0,1,1,2026-04-30
100858,5,16,2143.56,9,0,1,1,1,2026-05-31
100858,6,19,738.15,14,0,0,1,0,2026-06-30
100859,1,9,563.21,12,0,1,1,0,2026-01-31
100859,2,13,444.98,16,1,1,1,0,2026-02-28
100859,3,14,1391.61,10,0,1,0,0,2026-03-31
100859,4,12,1710.17,7,0,1,1,0,2026-04-30
100859,5,7,289.29,14,0,1,0,0,2026-05-31
100859,6,8,399.05,11,0,0,1,0,2026-06-30
100860,1,24,861.49,15,0,0,1,0,2026-01-31
100860,2,21,969.09,13,0,0,0,0,2026-02-28
100860,3,20,1436.59,11,0,1,1,0,2026-03-31
100860,4,36,5137.14,12,0,0,0,0,2026-04-30
100860,5,33,3633.61,7,0,1,0,1,2026-05-31
100860,6,34,3108.79,5,0,0,0,0,2026-06-30
100861,1,18,1894.61,15,0,0,0,0,2026-01-31
100861,2,20,1081.85,5,0,0,1,0,2026-02-28
100861,3,13,1307.67,11,0,0,1,0,2026-03-31
100861,4,10,1128.72,17,1,0,1,0,2026-04-30
100861,5,15,1975.48,17,1,0,1,0,2026-05-31
100861,6,9,1279.66,9,3,0,1,0,2026-06-30
100862,1,26,3886.34,15,0,1,0,0,2026-01-31
100862,2,23,3043.21,13,0,0,1,1,2026-02-28
100862,3,17,477.5,13,0,0,1,0,2026-03-31
100862,4,33,2941.65,10,0,1,1,0,2026-04-30
100862,5,33,1776.62,12,0,0,1,1,2026-05-31
100862,6,33,951.61,8,1,0,1,0,2026-06-30
100863,1,11,553.15,14,0,0,0,1,2026-01-31
100863,2,20,2589.33,20,0,1,0,0,2026-02-28
100863,3,11,1570.87,17,0,0,1,1,2026-03-31
100863,4,12,1443.74,17,0,0,1,0,2026-04-30
100863,5,9,1024.5,16,0,1,1,0,2026-05-31
100863,6,13,477.86,10,0,1,0,0,2026-06-30
100864,1,3,248.72,12,1,1,1,0,2026-01-31
100864,2,7,442.95,11,0,1,1,0,2026-02-28
100864,3,5,680.17,4,0,1,1,0,2026-03-31
100864,4,10,1318.28,11,0,1,1,0,2026-04-30
100864,5,5,739.9,10,0,0,0,1,2026-05-31
100864,6,6,634.85,11,0,0,0,1,2026-06-30
100865,1,8,177.96,9,0,1,1,0,2026-01-31
100865,2,14,331.67,13,0,0,0,0,2026-02-28
100865,3,9,843.83,9,0,0,1,0,2026-03-31
100865,4,12,1546.41,11,0,1,0,0,2026-04-30
100865,5,11,504.95,8,0,1,1,1,2026-05-31
100865,6,8,826.81,10,0,1,0,1,2026-06-30
100866,1,29,2264.65,9,0,0,1,0,2026-01-31
100866,2,15,976.65,16,0,0,1,0,2026-02-28
100866,3,34,4724.81,15,0,1,0,0,2026-03-31
100866,4,16,537.16,17,1,1,1,0,2026-04-30
100866,5,33,2639.08,19,0,0,0,0,2026-05-31
100866,6,20,2859.79,13,0,1,0,0,2026-06-30
100867,1,8,711.58,14,0,0,0,0,2026-01-31
100867,2,5,125.31,11,0,0,1,0,2026-02-28
100867,3,9,266.22,13,2,0,1,0,2026-03-31
100867,4,12,936.79,14,1,1,1,0,2026-04-30
100867,5,12,1691.01,5,0,1,1,0,2026-05-31
100867,6,12,795.5,5,0,1,1,0,2026-06-30
100868,1,7,808.53,7,0,0,1,0,2026-01-31
100868,2,9,693.4,8,2,0,1,0,2026-02-28
100868,3,17,1987.05,9,1,0,0,0,2026-03-31
100868,4,9,445.5,19,0,0,0,0,2026-04-30
100868,5,9,1288.57,12,0,1,0,0,2026-05-31
100868,6,14,540.48,6,0,0,1,0,2026-06-30
100869,1,12,1297.87,15,0,1,0,0,2026-01-31
100869,2,17,656.25,10,1,0,0,0,2026-02-28
100869,3,20,1256.65,16,0,1,1,1,2026-03-31
100869,4,22,858.35,7,0,0,1,1,2026-04-30
100869,5,22,3211.76,17,1,0,1,0,2026-05-31
100869,6,16,494.06,6,1,0,1,0,2026-06-30
100870,1,4,232.08,18,0,1,1,0,2026-01-31
100870,2,7,300.08,13,1,0,1,0,2026-02-28
100870,3,4,169.59,10,0,1,1,0,2026-03-31
100870,4,5,644.42,6,2,0,1,0,2026-04-30
100870,5,5,538.52,12,1,1,1,0,2026-05-31
100870,6,9,996.34,11,0,0,1,0,2026-06-30
100871,1,24,2194.2,16,0,0,0,0,2026-01-31
100871,2,12,860.41,12,0,1,1,0,2026-02-28
100871,3,21,2486.17,9,1,1,1,0,2026-03-31
100871,4,14,1860.8,10,2,1,1,0,2026-04-30
100871,5,21,2700.53,13,1,1,1,0,2026-05-31
100871,6,10,1061.3,4,0,0,1,0,2026-06-30
100872,1,11,977.59,15,0,0,1,0,2026-01-31
100872,2,6,535.31,6,0,1,1,0,2026-02-28
100872,3,6,369.05,11,0,0,1,0,2026-03-31
100872,4,9,232.73,7,1,1,1,0,2026-04-30
100872,5,9,191.1,15,0,0,0,0,2026-05-31
100872,6,12,1760.48,9,0,1,1,0,2026-06-30
100873,1,13,592.11,16,0,0,0,0,2026-01-31
100873,2,32,3510.85,9,0,0,1,0,2026-02-28
100873,3,23,470.66,13,1,0,0,0,2026-03-31
100873,4,20,1359.06,12,0,0,0,0,2026-04-30
100873,5,31,2408.41,17,2,1,1,0,2026-05-31
100873,6,13,1722.9,13,2,1,1,0,2026-06-30
100874,1,13,1562.58,5,0,0,1,0,2026-01-31
100874,2,21,1420.03,20,0,1,1,1,2026-02-28
100874,3,14,675.9,15,0,1,1,0,2026-03-31
100874,4,18,1180.83,24,1,1,0,0,2026-04-30
100874,5,15,1779.07,12,0,1,1,0,2026-05-31
100874,6,13,1756.52,22,0,0,1,0,2026-06-30
100875,1,16,2162.61,9,1,0,1,1,2026-01-31
100875,2,15,311.07,10,0,1,1,1,2026-02-28
100875,3,16,2301.61,14,1,0,0,0,2026-03-31
100875,4,11,1219.09,15,0,0,0,0,2026-04-30
100875,5,13,1854.28,10,1,1,0,0,2026-05-31
100875,6,15,453.69,9,0,0,1,1,2026-06-30
100876,1,10,1320.74,10,0,0,1,0,2026-01-31
100876,2,7,581.98,9,0,0,1,1,2026-02-28
100876,3,5,404.24,9,0,0,1,0,2026-03-31
100876,4,5,739.31,17,1,1,1,0,2026-04-30
100876,5,10,362.55,16,0,1,0,1,2026-05-31
100876,6,10,665.16,16,2,1,0,1,2026-06-30
100877,1,8,291.87,13,0,0,1,0,2026-01-31
100877,2,5,210.72,15,0,1,1,0,2026-02-28
100877,3,4,259.88,5,1,0,0,1,2026-03-31
100877,4,3,348.95,17,1,1,1,1,2026-04-30
100877,5,6,405.27,23,0,0,0,0,2026-05-31
100877,6,3,307.08,9,0,1,0,1,2026-06-30
100878,1,5,344.14,11,1,0,1,0,2026-01-31
100878,2,5,278.85,7,0,0,1,0,2026-02-28
100878,3,6,214.92,5,0,0,1,0,2026-03-31
100878,4,6,898.91,16,2,1,1,0,2026-04-30
100878,5,9,562.4,10,1,1,0,0,2026-05-31
100878,6,5,208.13,19,0,0,1,1,2026-06-30
100879,1,16,1600.06,12,1,0,0,0,2026-01-31
100879,2,13,1430.62,15,1,1,1,0,2026-02-28
100879,3,17,1787.06,15,0,0,1,0,2026-03-31
100879,4,8,1063.6,13,0,1,1,0,2026-04-30
100879,5,10,1337.44,13,0,0,1,1,2026-05-31
100879,6,9,933.36,11,1,0,0,1,2026-06-30
100880,1,8,1061.4,5,0,0,0,0,2026-01-31
100880,2,11,382.61,13,0,1,1,0,2026-02-28
100880,3,9,430.17,17,3,1,1,0,2026-03-31
100880,4,18,2498.26,11,0,1,0,1,2026-04-30
100880,5,10,942.9,7,1,0,1,0,2026-05-31
100880,6,16,676.73,15,0,0,1,0,2026-06-30
100881,1,14,601.02,10,0,0,1,1,2026-01-31
100881,2,12,1131.95,14,0,1,1,0,2026-02-28
100881,3,13,399.29,9,0,0,0,0,2026-03-31
100881,4,18,1903.45,11,0,0,1,0,2026-04-30
100881,5,21,2827.65,14,0,1,1,0,2026-05-31
100881,6,15,1381.71,5,0,1,0,0,2026-06-30
100882,1,7,770.0,19,0,0,1,0,2026-01-31
100882,2,14,1598.97,22,1,1,1,1,2026-02-28
100882,3,9,1046.96,10,1,0,1,0,2026-03-31
100882,4,9,875.44,23,0,0,0,0,2026-04-30
100882,5,10,494.12,19,0,1,1,0,2026-05-31
100882,6,15,953.39,15,1,0,1,0,2026-06-30
100883,1,5,280.97,12,0,1,1,1,2026-01-31
100883,2,5,644.27,5,0,0,1,0,2026-02-28
100883,3,8,546.13,9,0,1,0,0,2026-03-31
100883,4,9,1044.65,10,0,1,1,1,2026-04-30
100883,5,9,244.79,11,0,1,1,0,2026-05-31
100883,6,9,202.51,8,1,0,1,1,2026-06-30
100884,1,14,1033.81,5,0,0,0,0,2026-01-31
100884,2,10,262.79,7,0,0,1,0,2026-02-28
100884,3,16,638.09,10,0,0,0,0,2026-03-31
100884,4,14,387.99,16,0,0,0,0,2026-04-30
100884,5,17,1166.57,10,0,0,0,1,2026-05-31
100884,6,19,856.74,8,2,1,1,0,2026-06-30
100885,1,10,852.56,3,0,1,0,0,2026-01-31
100885,2,15,1012.42,13,1,0,0,0,2026-02-28
100885,3,7,508.1,10,0,0,1,0,2026-03-31
100885,4,8,623.56,16,0,0,0,0,2026-04-30
100885,5,10,227.12,11,0,0,1,0,2026-05-31
100885,6,13,1305.83,11,0,0,0,0,2026-06-30
100886,1,12,938.91,11,1,1,1,0,2026-01-31
100886,2,16,2349.4,5,0,1,0,1,2026-02-28
100886,3,7,484.67,8,0,0,0,0,2026-03-31
100886,4,8,1188.38,14,2,0,0,0,2026-04-30
100886,5,7,661.75,10,0,0,1,0,2026-05-31
100886,6,9,982.95,5,0,1,1,1,2026-06-30
100887,1,30,1430.18,12,0,0,1,0,2026-01-31
100887,2,23,1593.61,12,2,0,1,1,2026-02-28
100887,3,20,1828.96,8,0,0,1,0,2026-03-31
100887,4,14,1457.3,19,0,0,0,0,2026-04-30
100887,5,22,1866.99,17,0,0,1,0,2026-05-31
100887,6,30,2902.65,11,1,0,0,0,2026-06-30
100888,1,7,772.26,7,0,1,1,0,2026-01-31
100888,2,16,559.06,12,0,0,1,0,2026-02-28
100888,3,17,1016.14,11,1,0,1,0,2026-03-31
100888,4,9,1031.47,8,0,1,1,1,2026-04-30
100888,5,7,553.01,12,1,0,1,1,2026-05-31
100888,6,9,495.52,6,1,0,1,0,2026-06-30
100889,1,10,938.94,15,0,0,1,0,2026-01-31
100889,2,11,771.81,7,0,0,1,0,2026-02-28
100889,3,13,734.49,15,0,0,1,0,2026-03-31
100889,4,13,1288.41,16,0,1,0,0,2026-04-30
100889,5,16,554.45,8,0,0,1,0,2026-05-31
100889,6,15,706.48,7,1,0,1,0,2026-06-30
100890,1,6,313.97,12,1,1,0,0,2026-01-31
100890,2,6,779.93,13,2,1,0,0,2026-02-28
100890,3,3,351.66,19,1,1,1,0,2026-03-31
100890,4,3,132.22,14,0,0,0,0,2026-04-30
100890,5,7,491.15,9,0,1,0,1,2026-05-31
100890,6,7,192.4,12,0,0,1,1,2026-06-30
100891,1,16,1857.62,9,0,0,1,1,2026-01-31
100891,2,16,1518.09,13,0,1,0,0,2026-02-28
100891,3,8,764.58,6,2,0,1,1,2026-03-31
100891,4,14,366.93,12,1,0,1,1,2026-04-30
100891,5,14,1943.39,13,0,0,0,0,2026-05-31
100891,6,12,859.02,14,0,1,0,0,2026-06-30
100892,1,9,466.29,7,1,0,1,0,2026-01-31
100892,2,10,312.84,16,0,0,1,0,2026-02-28
100892,3,12,609.85,16,0,0,1,1,2026-03-31
100892,4,10,933.99,8,1,1,1,0,2026-04-30
100892,5,13,1906.44,10,0,0,1,0,2026-05-31
100892,6,17,904.72,13,1,0,1,0,2026-06-30
100893,1,19,2202.58,14,0,0,1,0,2026-01-31
100893,2,19,2212.42,13,0,0,1,0,2026-02-28
100893,3,9,582.48,8,2,0,1,1,2026-03-31
100893,4,7,684.74,11,2,0,0,1,2026-04-30
100893,5,16,1148.04,7,1,0,1,0,2026-05-31
100893,6,11,790.33,10,0,0,0,0,2026-06-30
100894,1,13,310.63,15,1,1,1,0,2026-01-31
100894,2,23,2094.96,12,0,0,1,0,2026-02-28
100894,3,24,3484.63,15,1,1,1,0,2026-03-31
100894,4,16,1540.74,14,0,0,0,1,2026-04-30
100894,5,15,2015.65,14,0,0,1,0,2026-05-31
100894,6,13,1456.2,8,0,1,1,0,2026-06-30
100895,1,11,1635.3,20,0,0,1,0,2026-01-31
100895,2,12,902.19,11,0,0,0,0,2026-02-28
100895,3,12,1523.29,16,1,1,0,0,2026-03-31
100895,4,7,162.18,4,0,1,1,0,2026-04-30
100895,5,7,245.82,7,0,0,0,0,2026-05-31
100895,6,9,850.12,14,0,1,1,1,2026-06-30
100896,1,18,2367.37,18,1,1,1,0,2026-01-31
100896,2,24,1473.2,13,0,1,1,0,2026-02-28
100896,3,27,1709.28,14,0,0,1,0,2026-03-31
100896,4,20,1188.04,9,0,0,1,1,2026-04-30
100896,5,24,2124.08,16,1,1,0,0,2026-05-31
100896,6,26,1269.19,6,2,1,1,0,2026-06-30
100897,1,17,669.53,18,0,0,1,0,2026-01-31
100897,2,21,1693.55,10,0,1,1,0,2026-02-28
100897,3,15,2181.94,10,0,1,1,0,2026-03-31
100897,4,27,1397.49,5,0,0,0,0,2026-04-30
100897,5,21,686.44,20,0,0,1,1,2026-05-31
100897,6,19,1422.92,6,3,1,1,0,2026-06-30
100898,1,13,1166.3,14,0,0,1,0,2026-01-31
100898,2,18,1608.37,9,0,0,1,1,2026-02-28
100898,3,19,2014.35,9,0,1,0,0,2026-03-31
100898,4,15,2110.75,16,1,0,1,0,2026-04-30
100898,5,13,1459.39,12,0,0,1,0,2026-05-31
100898,6,16,1354.35,11,1,1,1,0,2026-06-30
100899,1,10,1103.04,8,1,1,1,0,2026-01-31
100899,2,5,395.75,14,0,0,0,0,2026-02-28
100899,3,7,488.13,14,0,1,1,0,2026-03-31
100899,4,5,655.99,16,1,0,0,0,2026-04-30
100899,5,4,506.1,22,0,0,1,0,2026-05-31
100899,6,7,242.72,4,0,0,1,0,2026-06-30
100900,1,13,315.65,18,2,1,1,1,2026-01-31
100900,2,7,724.57,9,0,0,0,0,2026-02-28
100900,3,9,453.12,8,0,1,1,0,2026-03-31
100900,4,8,326.46,9,0,1,1,0,2026-04-30
100900,5,8,534.85,15,0,0,1,1,2026-05-31
100900,6,7,824.4,11,0,1,0,1,2026-06-30
100901,1,8,172.67,13,0,0,0,0,2026-01-31
100901,2,14,1632.8,17,2,1,1,0,2026-02-28
100901,3,7,518.71,9,2,0,1,0,2026-03-31
100901,4,9,416.75,12,0,0,0,1,2026-04-30
100901,5,14,1188.69,15,0,1,1,0,2026-05-31
100901,6,11,789.73,13,1,0,0,1,2026-06-30
100902,1,5,595.72,4,0,1,1,0,2026-01-31
100902,2,4,224.76,6,1,0,1,0,2026-02-28
100902,3,8,556.41,16,1,0,1,1,2026-03-31
100902,4,5,574.12,10,0,0,1,0,2026-04-30
100902,5,4,587.91,12,0,1,0,0,2026-05-31
100902,6,8,963.24,19,1,0,1,1,2026-06-30
100903,1,10,1141.66,12,1,0,0,0,2026-01-31
100903,2,16,522.66,11,0,1,1,0,2026-02-28
100903,3,25,1454.38,6,0,0,1,0,2026-03-31
100903,4,25,1507.77,11,2,0,1,0,2026-04-30
100903,5,24,1227.1,11,2,0,0,0,2026-05-31
100903,6,12,1542.11,7,0,1,1,0,2026-06-30
100904,1,5,724.15,23,2,0,0,0,2026-01-31
100904,2,9,955.17,11,0,0,0,0,2026-02-28
100904,3,11,571.27,8,1,1,0,0,2026-03-31
100904,4,10,336.64,15,0,1,1,1,2026-04-30
100904,5,9,578.49,12,0,0,1,0,2026-05-31
100904,6,7,664.77,8,1,0,0,0,2026-06-30
100905,1,11,461.63,17,1,1,1,0,2026-01-31
100905,2,7,850.01,13,0,0,1,0,2026-02-28
100905,3,15,2147.22,12,0,0,1,0,2026-03-31
100905,4,12,1253.94,14,0,0,1,0,2026-04-30
100905,5,8,480.51,12,1,0,1,0,2026-05-31
100905,6,15,2069.64,9,1,1,1,0,2026-06-30
100906,1,22,3257.25,5,1,0,1,0,2026-01-31
100906,2,27,2722.65,16,0,0,1,0,2026-02-28
100906,3,15,1225.41,19,0,0,1,0,2026-03-31
100906,4,20,1594.73,11,0,0,1,0,2026-04-30
100906,5,13,299.25,9,0,1,0,0,2026-05-31
100906,6,27,3125.75,9,1,1,0,0,2026-06-30
100907,1,10,1281.85,9,1,0,1,0,2026-01-31
100907,2,19,2033.17,9,0,1,1,0,2026-02-28
100907,3,17,1150.34,8,0,0,1,0,2026-03-31
100907,4,22,2636.48,13,1,1,1,1,2026-04-30
100907,5,22,1510.74,7,0,0,1,0,2026-05-31
100907,6,15,813.02,17,1,0,0,1,2026-06-30
100908,1,6,731.02,11,1,0,0,0,2026-01-31
100908,2,7,876.12,13,1,0,1,0,2026-02-28
100908,3,6,890.54,12,0,0,1,1,2026-03-31
100908,4,6,889.78,17,0,0,0,0,2026-04-30
100908,5,8,640.01,12,0,0,0,0,2026-05-31
100908,6,13,1305.44,7,0,0,0,0,2026-06-30
100909,1,6,334.37,15,2,0,1,0,2026-01-31
100909,2,7,638.78,15,0,1,1,0,2026-02-28
100909,3,7,391.62,8,0,0,0,0,2026-03-31
100909,4,4,418.61,9,0,0,1,0,2026-04-30
100909,5,8,266.09,12,0,1,1,1,2026-05-31
100909,6,3,150.81,10,1,1,1,0,2026-06-30
100910,1,20,2041.24,14,1,1,1,0,2026-01-31
100910,2,25,1694.27,12,0,1,1,0,2026-02-28
100910,3,14,676.98,11,0,1,1,0,2026-03-31
100910,4,22,929.91,8,0,0,1,0,2026-04-30
100910,5,22,2857.52,8,0,0,1,1,2026-05-31
100910,6,14,794.37,7,0,0,1,0,2026-06-30
100911,1,12,434.2,10,0,0,1,1,2026-01-31
100911,2,11,746.9,10,1,1,1,0,2026-02-28
100911,3,16,1142.57,17,0,1,1,0,2026-03-31
100911,4,12,708.71,10,0,0,1,0,2026-04-30
100911,5,14,1659.29,16,1,0,1,1,2026-05-31
100911,6,24,1300.54,14,0,1,0,0,2026-06-30
100912,1,13,517.26,10,0,0,1,0,2026-01-31
100912,2,14,456.06,6,0,0,1,0,2026-02-28
100912,3,8,750.59,16,0,0,0,0,2026-03-31
100912,4,17,424.95,22,1,1,1,0,2026-04-30
100912,5,14,350.8,10,1,1,1,0,2026-05-31
100912,6,17,574.27,12,0,0,1,0,2026-06-30
100913,1,7,424.99,8,1,1,1,1,2026-01-31
100913,2,15,1774.6,16,0,1,0,0,2026-02-28
100913,3,8,640.53,13,0,1,1,0,2026-03-31
100913,4,7,866.77,17,1,1,1,0,2026-04-30
100913,5,7,398.57,17,1,0,1,0,2026-05-31
100913,6,10,1048.19,11,2,1,0,0,2026-06-30
100914,1,31,3482.72,18,1,0,0,1,2026-01-31
100914,2,33,3244.34,12,0,1,1,1,2026-02-28
100914,3,33,4236.84,15,0,1,1,0,2026-03-31
100914,4,21,2118.31,23,0,0,1,0,2026-04-30
100914,5,15,638.59,7,0,0,1,0,2026-05-31
100914,6,20,800.1,12,0,0,1,0,2026-06-30
100915,1,7,823.25,9,1,0,1,0,2026-01-31
100915,2,5,618.2,10,0,0,1,1,2026-02-28
100915,3,4,179.14,3,0,1,1,0,2026-03-31
100915,4,6,806.72,6,1,1,0,0,2026-04-30
100915,5,6,397.82,12,0,0,1,0,2026-05-31
100915,6,6,381.78,11,0,1,0,0,2026-06-30
100916,1,25,2237.21,11,1,0,1,1,2026-01-31
100916,2,23,2030.15,16,0,0,1,0,2026-02-28
100916,3,33,3884.17,7,2,0,1,0,2026-03-31
100916,4,25,1811.39,6,1,1,1,0,2026-04-30
100916,5,35,3772.21,15,1,1,1,0,2026-05-31
100916,6,32,4055.86,10,0,0,1,0,2026-06-30
100917,1,12,363.97,8,0,0,0,1,2026-01-31
100917,2,10,445.21,13,2,0,0,0,2026-02-28
100917,3,6,387.94,7,0,0,1,0,2026-03-31
100917,4,10,1373.6,6,0,1,1,0,2026-04-30
100917,5,12,470.93,2,0,1,1,0,2026-05-31
100917,6,12,335.88,9,0,0,1,1,2026-06-30
100918,1,6,857.34,16,0,1,1,0,2026-01-31
100918,2,6,472.75,7,0,0,1,1,2026-02-28
100918,3,9,497.57,10,0,0,1,0,2026-03-31
100918,4,12,767.26,9,0,1,1,0,2026-04-30
100918,5,5,253.08,10,1,0,0,1,2026-05-31
100918,6,10,493.93,6,1,1,1,1,2026-06-30
100919,1,11,563.54,10,0,1,0,0,2026-01-31
100919,2,10,894.94,12,0,1,1,1,2026-02-28
100919,3,12,1195.49,5,0,0,0,0,2026-03-31
100919,4,10,1453.92,16,0,0,1,0,2026-04-30
100919,5,8,1102.82,10,1,1,1,0,2026-05-31
100919,6,7,159.88,14,1,0,0,1,2026-06-30
100920,1,9,1003.53,14,0,0,0,0,2026-01-31
100920,2,10,1203.7,9,1,0,1,0,2026-02-28
100920,3,8,403.68,7,0,0,1,0,2026-03-31
100920,4,7,289.56,10,0,0,1,0,2026-04-30
100920,5,6,726.71,15,0,0,1,1,2026-05-31
100920,6,7,800.39,13,0,1,0,0,2026-06-30
100921,1,14,1061.08,12,0,0,0,1,2026-01-31
100921,2,14,1716.61,24,0,1,1,0,2026-02-28
100921,3,11,1104.36,7,1,1,1,0,2026-03-31
100921,4,21,939.96,8,0,1,1,0,2026-04-30
100921,5,19,967.69,22,0,1,1,0,2026-05-31
100921,6,11,1276.44,15,0,1,0,1,2026-06-30
100922,1,18,2431.34,19,0,1,0,0,2026-01-31
100922,2,26,2459.44,8,0,1,0,0,2026-02-28
100922,3,17,2237.36,8,1,1,1,0,2026-03-31
100922,4,31,4390.01,9,1,0,1,1,2026-04-30
100922,5,16,1288.63,13,1,1,1,0,2026-05-31
100922,6,32,4508.87,12,0,0,1,0,2026-06-30
100923,1,18,1095.43,18,0,0,1,1,2026-01-31
100923,2,20,2645.13,10,1,0,1,0,2026-02-28
100923,3,11,830.14,12,0,0,1,0,2026-03-31
100923,4,10,1261.33,7,1,0,0,1,2026-04-30
100923,5,20,1762.02,17,0,1,0,0,2026-05-31
100923,6,20,401.71,10,0,1,1,0,2026-06-30
100924,1,28,3782.18,16,1,1,0,0,2026-01-31
100924,2,27,717.88,6,0,0,0,0,2026-02-28
100924,3,15,399.18,15,0,0,1,0,2026-03-31
100924,4,32,3898.73,15,0,0,1,0,2026-04-30
100924,5,23,909.34,13,1,1,0,0,2026-05-31
100924,6,30,1639.08,12,0,0,1,0,2026-06-30
100925,1,18,1824.92,13,0,1,1,1,2026-01-31
100925,2,7,974.0,10,0,0,1,0,2026-02-28
100925,3,19,1412.34,12,0,0,0,0,2026-03-31
100925,4,8,180.94,16,0,1,1,1,2026-04-30
100925,5,14,1605.49,14,0,0,1,0,2026-05-31
100925,6,12,957.32,8,2,1,0,0,2026-06-30
100926,1,20,1808.04,12,0,0,1,0,2026-01-31
100926,2,17,865.06,11,0,0,1,0,2026-02-28
100926,3,15,1118.93,6,0,1,1,1,2026-03-31
100926,4,16,909.7,18,0,0,1,1,2026-04-30
100926,5,12,650.03,12,0,1,1,1,2026-05-31
100926,6,13,935.59,12,0,0,1,0,2026-06-30
100927,1,6,710.08,17,0,0,1,0,2026-01-31
100927,2,8,926.65,17,0,0,0,0,2026-02-28
100927,3,10,238.75,15,2,0,0,0,2026-03-31
100927,4,11,262.37,17,1,0,0,1,2026-04-30
100927,5,4,502.75,7,0,0,0,1,2026-05-31
100927,6,9,384.61,8,1,0,1,0,2026-06-30
100928,1,13,1824.65,17,1,0,0,0,2026-01-31
100928,2,12,1192.78,9,0,0,1,1,2026-02-28
100928,3,11,387.48,17,1,0,1,0,2026-03-31
100928,4,15,798.02,18,3,0,1,0,2026-04-30
100928,5,12,465.17,15,0,0,1,0,2026-05-31
100928,6,11,901.19,13,0,0,1,1,2026-06-30
100929,1,5,494.88,11,1,1,1,0,2026-01-31
100929,2,4,145.24,14,2,0,1,0,2026-02-28
100929,3,6,428.31,9,0,0,1,0,2026-03-31
100929,4,4,125.77,9,0,1,1,1,2026-04-30
100929,5,4,408.22,9,0,0,1,0,2026-05-31
100929,6,3,71.65,17,1,0,0,0,2026-06-30
100930,1,15,1593.44,15,0,0,0,0,2026-01-31
100930,2,19,751.66,16,1,0,0,1,2026-02-28
100930,3,31,2739.94,10,0,0,0,0,2026-03-31
100930,4,16,1669.0,8,1,0,1,0,2026-04-30
100930,5,29,1465.33,19,0,0,1,1,2026-05-31
100930,6,16,833.15,10,1,1,1,0,2026-06-30
100931,1,14,856.73,14,0,0,1,0,2026-01-31
100931,2,12,505.27,11,3,1,1,0,2026-02-28
100931,3,9,801.67,12,2,1,0,0,2026-03-31
100931,4,7,707.12,7,1,1,1,0,2026-04-30
100931,5,12,465.98,16,3,0,0,0,2026-05-31
100931,6,14,603.07,19,1,0,1,1,2026-06-30
100932,1,17,2133.23,10,1,1,0,0,2026-01-31
100932,2,13,402.85,8,0,0,1,0,2026-02-28
100932,3,27,1948.26,5,1,1,1,0,2026-03-31
100932,4,13,1395.74,15,1,1,1,1,2026-04-30
100932,5,15,629.93,12,0,0,1,0,2026-05-31
100932,6,28,1882.83,11,0,1,1,0,2026-06-30
100933,1,13,1332.39,7,0,0,0,0,2026-01-31
100933,2,5,665.57,17,0,0,0,0,2026-02-28
100933,3,11,872.36,10,0,0,1,0,2026-03-31
100933,4,9,871.59,7,1,0,0,1,2026-04-30
100933,5,7,409.54,9,0,0,0,0,2026-05-31
100933,6,8,983.03,13,0,1,1,0,2026-06-30
100934,1,4,383.55,12,1,1,1,1,2026-01-31
100934,2,6,521.37,11,0,0,0,0,2026-02-28
100934,3,6,561.27,23,2,1,0,0,2026-03-31
100934,4,10,585.53,17,2,0,1,1,2026-04-30
100934,5,8,1132.25,16,0,1,1,0,2026-05-31
100934,6,10,731.3,10,2,0,1,0,2026-06-30
100935,1,10,508.71,18,0,1,0,1,2026-01-31
100935,2,12,811.82,19,0,0,1,0,2026-02-28
100935,3,17,1132.61,9,0,1,1,0,2026-03-31
100935,4,18,1276.4,5,0,1,1,1,2026-04-30
100935,5,7,140.14,14,1,0,0,1,2026-05-31
100935,6,11,1184.73,11,1,0,1,0,2026-06-30
100936,1,10,1321.02,11,1,0,1,0,2026-01-31
100936,2,5,689.64,9,0,1,1,0,2026-02-28
100936,3,5,356.97,7,0,0,1,0,2026-03-31
100936,4,5,131.99,10,1,0,1,0,2026-04-30
100936,5,6,579.4,10,1,1,1,0,2026-05-31
100936,6,3,357.53,12,1,0,1,1,2026-06-30
100937,1,8,526.55,14,1,0,1,0,2026-01-31
100937,2,9,1025.35,8,0,0,1,0,2026-02-28
100937,3,9,881.64,16,0,0,1,0,2026-03-31
100937,4,10,1230.76,7,2,0,1,0,2026-04-30
100937,5,6,192.86,15,2,1,1,0,2026-05-31
100937,6,9,480.01,11,0,1,1,0,2026-06-30
100938,1,17,554.03,6,2,1,1,0,2026-01-31
100938,2,17,1405.53,9,0,0,1,0,2026-02-28
100938,3,15,1658.63,6,0,1,0,0,2026-03-31
100938,4,19,429.97,15,0,1,0,0,2026-04-30
100938,5,29,3092.4,13,1,1,1,0,2026-05-31
100938,6,16,1011.01,21,0,0,1,0,2026-06-30
100939,1,17,587.08,10,0,0,1,0,2026-01-31
100939,2,10,1210.06,7,0,1,1,0,2026-02-28
100939,3,18,1459.31,15,0,1,1,0,2026-03-31
100939,4,9,664.33,13,1,1,0,0,2026-04-30
100939,5,19,2148.23,12,0,0,0,0,2026-05-31
100939,6,21,2590.02,11,0,0,1,0,2026-06-30
100940,1,5,513.24,18,0,0,1,0,2026-01-31
100940,2,6,500.16,7,0,0,1,0,2026-02-28
100940,3,6,191.64,9,0,1,1,0,2026-03-31
100940,4,8,455.1,10,0,1,1,0,2026-04-30
100940,5,8,1009.35,10,1,1,1,0,2026-05-31
100940,6,11,264.18,6,1,0,1,0,2026-06-30
100941,1,13,847.91,7,0,0,1,1,2026-01-31
100941,2,12,1226.2,10,1,1,0,0,2026-02-28
100941,3,17,1995.87,12,0,1,1,0,2026-03-31
100941,4,21,2980.16,14,0,1,1,0,2026-04-30
100941,5,16,2042.09,7,1,1,1,0,2026-05-31
100941,6,20,1079.34,16,0,0,1,0,2026-06-30
100942,1,30,3171.3,8,1,0,1,0,2026-01-31
100942,2,16,1187.42,9,0,0,1,1,2026-02-28
100942,3,27,2493.01,22,1,1,1,0,2026-03-31
100942,4,25,1775.07,8,0,0,1,0,2026-04-30
100942,5,20,1017.32,18,0,1,0,0,2026-05-31
100942,6,17,1880.38,14,0,1,1,0,2026-06-30
100943,1,10,565.7,12,0,0,1,0,2026-01-31
100943,2,15,691.57,17,0,0,0,0,2026-02-28
100943,3,20,781.93,4,0,1,0,0,2026-03-31
100943,4,10,604.6,19,0,0,1,0,2026-04-30
100943,5,12,1069.22,9,0,0,1,1,2026-05-31
100943,6,20,1248.1,16,0,0,1,0,2026-06-30
100944,1,13,818.18,17,1,1,0,0,2026-01-31
100944,2,19,1412.25,9,0,1,0,0,2026-02-28
100944,3,19,2726.61,21,0,0,0,0,2026-03-31
100944,4,17,2504.47,7,1,1,1,0,2026-04-30
100944,5,23,2226.89,12,1,0,0,0,2026-05-31
100944,6,22,2649.39,8,0,0,0,0,2026-06-30
100945,1,9,1088.72,11,0,0,0,0,2026-01-31
100945,2,15,1138.6,7,1,1,0,0,2026-02-28
100945,3,11,458.78,18,0,0,1,0,2026-03-31
100945,4,12,1120.44,12,0,0,1,1,2026-04-30
100945,5,11,1470.84,12,0,0,0,1,2026-05-31
100945,6,12,1098.01,14,0,1,0,0,2026-06-30
100946,1,11,513.41,7,0,1,1,1,2026-01-31
100946,2,14,427.53,9,0,0,1,0,2026-02-28
100946,3,12,776.71,11,1,0,1,0,2026-03-31
100946,4,9,1033.7,17,1,0,1,0,2026-04-30
100946,5,10,998.44,14,1,0,1,0,2026-05-31
100946,6,6,342.41,13,0,1,1,0,2026-06-30
100947,1,33,3511.63,16,0,0,1,0,2026-01-31
100947,2,24,1823.24,11,0,0,1,0,2026-02-28
100947,3,26,2439.98,6,0,0,0,1,2026-03-31
100947,4,26,2965.2,13,1,1,1,0,2026-04-30
100947,5,23,1632.11,11,0,1,0,0,2026-05-31
100947,6,25,2825.49,8,0,1,0,0,2026-06-30
100948,1,12,606.75,11,0,0,1,0,2026-01-31
100948,2,14,2098.97,9,0,0,1,1,2026-02-28
100948,3,6,425.18,24,0,1,1,0,2026-03-31
100948,4,13,1266.16,6,0,1,1,1,2026-04-30
100948,5,14,536.19,19,0,0,1,0,2026-05-31
100948,6,6,893.26,10,1,0,1,0,2026-06-30
100949,1,17,509.26,18,0,0,1,1,2026-01-31
100949,2,14,1672.35,12,0,1,1,0,2026-02-28
100949,3,16,1151.22,9,0,0,1,1,2026-03-31
100949,4,25,3044.26,8,0,1,1,0,2026-04-30
100949,5,15,2007.61,19,0,0,1,0,2026-05-31
100949,6,12,435.79,7,0,0,1,0,2026-06-30
100950,1,5,535.27,13,0,1,1,0,2026-01-31
100950,2,6,681.26,10,1,0,1,0,2026-02-28
100950,3,5,339.88,15,1,1,1,0,2026-03-31
100950,4,6,242.8,19,0,1,1,0,2026-04-30
100950,5,7,371.01,12,0,1,1,0,2026-05-31
100950,6,7,628.1,4,0,0,1,0,2026-06-30
100951,1,15,1037.26,19,0,0,1,0,2026-01-31
100951,2,19,2698.52,3,0,0,1,0,2026-02-28
100951,3,16,1399.34,17,1,0,1,0,2026-03-31
100951,4,15,1634.56,7,0,1,1,0,2026-04-30
100951,5,19,713.53,14,0,1,1,0,2026-05-31
100951,6,20,908.13,10,0,0,1,1,2026-06-30
100952,1,20,1382.79,13,1,0,0,0,2026-01-31
100952,2,27,1904.78,8,1,0,1,1,2026-02-28
100952,3,14,1640.82,10,0,1,0,0,2026-03-31
100952,4,25,1696.6,8,0,1,0,0,2026-04-30
100952,5,25,3088.27,7,0,1,1,0,2026-05-31
100952,6,14,999.12,11,0,0,1,1,2026-06-30
100953,1,16,1243.97,17,0,0,0,0,2026-01-31
100953,2,11,1562.66,20,0,0,0,0,2026-02-28
100953,3,11,988.17,16,0,1,0,0,2026-03-31
100953,4,10,1014.53,10,0,0,0,0,2026-04-30
100953,5,13,284.85,21,0,1,1,0,2026-05-31
100953,6,15,601.73,13,1,1,1,0,2026-06-30
100954,1,23,816.56,14,0,1,1,1,2026-01-31
100954,2,20,1613.53,10,0,0,1,0,2026-02-28
100954,3,17,381.24,9,1,1,1,0,2026-03-31
100954,4,35,971.01,6,0,0,1,0,2026-04-30
100954,5,31,3514.43,8,2,0,1,0,2026-05-31
100954,6,37,4076.57,10,1,1,0,0,2026-06-30
100955,1,6,774.2,13,0,0,1,0,2026-01-31
100955,2,5,686.82,13,1,1,1,0,2026-02-28
100955,3,3,81.77,7,0,1,1,0,2026-03-31
100955,4,6,402.35,12,0,0,1,0,2026-04-30
100955,5,4,563.78,15,0,1,1,0,2026-05-31
100955,6,6,891.82,7,0,0,1,0,2026-06-30
100956,1,23,732.79,9,0,0,1,0,2026-01-31
100956,2,18,2124.07,10,1,1,0,0,2026-02-28
100956,3,18,517.03,15,0,0,1,0,2026-03-31
100956,4,18,1905.24,13,0,1,1,0,2026-04-30
100956,5,9,551.09,13,2,0,0,1,2026-05-31
100956,6,19,1002.96,6,0,0,0,0,2026-06-30
100957,1,4,495.29,11,1,1,1,0,2026-01-31
100957,2,7,853.58,12,0,1,0,0,2026-02-28
100957,3,9,190.59,17,1,0,1,1,2026-03-31
100957,4,4,373.42,17,1,1,1,0,2026-04-30
100957,5,6,250.74,13,1,1,1,0,2026-05-31
100957,6,7,619.39,13,1,1,0,0,2026-06-30
100958,1,6,299.97,6,2,1,1,1,2026-01-31
100958,2,3,150.76,19,0,1,1,0,2026-02-28
100958,3,6,446.09,9,0,1,0,0,2026-03-31
100958,4,3,154.89,6,1,0,1,0,2026-04-30
100958,5,5,616.75,13,1,1,0,0,2026-05-31
100958,6,6,716.4,4,1,1,1,1,2026-06-30
100959,1,9,1226.31,12,0,1,1,0,2026-01-31
100959,2,14,783.9,5,0,1,0,0,2026-02-28
100959,3,12,450.83,10,2,0,1,1,2026-03-31
100959,4,10,379.06,16,1,0,1,1,2026-04-30
100959,5,14,944.39,12,0,0,1,1,2026-05-31
100959,6,16,1470.15,8,1,0,0,1,2026-06-30
100960,1,15,838.53,8,0,1,1,0,2026-01-31
100960,2,16,2263.27,5,1,1,1,1,2026-02-28
100960,3,13,914.28,16,0,1,1,0,2026-03-31
100960,4,17,436.74,20,0,0,1,0,2026-04-30
100960,5,13,1645.61,4,1,0,1,0,2026-05-31
100960,6,8,925.85,9,0,0,1,0,2026-06-30
100961,1,18,916.08,9,0,0,1,0,2026-01-31
100961,2,14,943.07,14,1,1,1,0,2026-02-28
100961,3,17,2254.49,10,1,0,0,1,2026-03-31
100961,4,11,540.15,8,1,0,1,1,2026-04-30
100961,5,9,1335.39,6,0,0,0,1,2026-05-31
100961,6,9,442.56,14,0,0,1,0,2026-06-30
100962,1,3,340.19,14,0,0,1,0,2026-01-31
100962,2,6,197.31,20,0,0,1,0,2026-02-28
100962,3,4,356.27,15,0,1,0,1,2026-03-31
100962,4,9,1291.69,4,0,0,0,0,2026-04-30
100962,5,9,1205.72,19,0,1,0,0,2026-05-31
100962,6,7,575.77,8,2,1,1,0,2026-06-30
100963,1,15,336.11,12,0,1,1,1,2026-01-31
100963,2,18,2311.27,15,1,1,1,0,2026-02-28
100963,3,20,2624.76,6,0,1,1,0,2026-03-31
100963,4,30,4217.15,10,2,0,1,0,2026-04-30
100963,5,30,1748.17,13,0,0,1,1,2026-05-31
100963,6,15,750.75,13,0,0,1,0,2026-06-30
100964,1,20,1170.82,10,1,0,0,0,2026-01-31
100964,2,20,1704.21,12,0,1,1,0,2026-02-28
100964,3,9,1342.25,16,1,0,1,0,2026-03-31
100964,4,13,1868.79,20,0,0,1,0,2026-04-30
100964,5,18,563.04,6,0,0,1,0,2026-05-31
100964,6,17,1350.38,16,1,0,1,0,2026-06-30
100965,1,23,2262.87,19,0,0,1,0,2026-01-31
100965,2,18,1404.12,16,0,1,1,0,2026-02-28
100965,3,17,726.48,10,0,1,1,0,2026-03-31
100965,4,14,1546.97,13,0,1,1,0,2026-04-30
100965,5,23,2800.74,19,0,0,1,1,2026-05-31
100965,6,15,1987.92,16,0,1,1,0,2026-06-30
100966,1,16,1301.9,16,0,1,1,1,2026-01-31
100966,2,16,1073.74,11,0,0,1,1,2026-02-28
100966,3,8,890.01,10,1,0,0,0,2026-03-31
100966,4,14,510.03,13,0,1,1,0,2026-04-30
100966,5,7,932.25,26,1,1,1,0,2026-05-31
100966,6,16,1541.95,18,0,1,1,0,2026-06-30
100967,1,20,2141.26,17,0,1,1,1,2026-01-31
100967,2,21,2510.82,9,0,1,0,0,2026-02-28
100967,3,14,283.92,10,0,1,0,0,2026-03-31
100967,4,13,1805.54,10,0,0,1,1,2026-04-30
100967,5,10,1281.62,4,0,1,1,0,2026-05-31
100967,6,11,781.96,8,0,1,1,0,2026-06-30
100968,1,10,818.41,11,0,0,1,0,2026-01-31
100968,2,22,643.69,14,0,0,1,0,2026-02-28
100968,3,11,400.69,14,0,0,0,0,2026-03-31
100968,4,9,422.81,7,0,1,0,0,2026-04-30
100968,5,14,1222.72,5,0,0,1,1,2026-05-31
100968,6,17,2143.98,20,0,0,1,0,2026-06-30
100969,1,6,305.84,7,0,1,1,0,2026-01-31
100969,2,6,834.75,10,0,0,0,1,2026-02-28
100969,3,3,181.73,20,2,1,1,0,2026-03-31
100969,4,5,505.07,14,0,1,1,0,2026-04-30
100969,5,6,261.45,15,0,0,1,0,2026-05-31
100969,6,4,352.55,13,1,0,0,0,2026-06-30
100970,1,19,1303.99,15,1,1,1,0,2026-01-31
100970,2,17,397.77,12,0,0,1,0,2026-02-28
100970,3,11,1576.09,6,0,1,1,1,2026-03-31
100970,4,17,2273.84,10,0,0,1,0,2026-04-30
100970,5,14,1568.18,12,0,0,0,0,2026-05-31
100970,6,11,769.99,4,0,1,1,1,2026-06-30
100971,1,8,853.23,19,0,1,0,0,2026-01-31
100971,2,20,2170.12,5,1,1,0,0,2026-02-28
100971,3,17,1782.68,11,0,0,1,0,2026-03-31
100971,4,14,1205.08,17,0,0,1,0,2026-04-30
100971,5,13,1556.75,7,0,0,0,0,2026-05-31
100971,6,16,2154.59,10,0,0,0,0,2026-06-30
100972,1,7,645.53,10,1,1,0,0,2026-01-31
100972,2,8,474.62,9,1,0,1,0,2026-02-28
100972,3,5,480.39,7,1,1,1,0,2026-03-31
100972,4,13,1227.41,10,0,0,0,0,2026-04-30
100972,5,14,1071.87,15,1,1,0,1,2026-05-31
100972,6,11,578.93,8,0,0,1,0,2026-06-30
100973,1,17,604.38,7,0,0,1,0,2026-01-31
100973,2,12,606.82,7,1,0,1,0,2026-02-28
100973,3,14,749.57,16,1,1,1,1,2026-03-31
100973,4,7,214.79,8,0,1,1,0,2026-04-30
100973,5,8,800.3,13,0,1,1,0,2026-05-31
100973,6,7,154.24,13,0,1,0,0,2026-06-30
100974,1,16,2276.82,17,1,0,0,0,2026-01-31
100974,2,20,2645.08,17,2,0,0,0,2026-02-28
100974,3,16,2381.61,9,0,0,1,1,2026-03-31
100974,4,19,830.76,17,2,1,1,0,2026-04-30
100974,5,18,2207.7,19,1,1,0,1,2026-05-31
100974,6,8,1176.92,8,0,1,1,1,2026-06-30
100975,1,11,960.68,8,3,1,0,0,2026-01-31
100975,2,7,856.52,9,1,0,0,0,2026-02-28
100975,3,7,466.6,12,1,1,0,0,2026-03-31
100975,4,7,973.89,7,1,0,1,0,2026-04-30
100975,5,8,221.72,10,0,1,0,0,2026-05-31
100975,6,6,671.08,10,2,0,1,1,2026-06-30
100976,1,6,763.22,21,0,0,1,0,2026-01-31
100976,2,14,1171.0,9,0,1,1,0,2026-02-28
100976,3,13,1547.31,11,0,0,1,1,2026-03-31
100976,4,10,1111.02,9,0,1,1,0,2026-04-30
100976,5,12,620.03,13,0,0,1,1,2026-05-31
100976,6,7,470.75,14,0,0,1,0,2026-06-30
100977,1,22,2564.51,14,0,0,1,0,2026-01-31
100977,2,31,4109.58,11,0,0,0,0,2026-02-28
100977,3,26,2213.71,17,0,0,1,1,2026-03-31
100977,4,35,2777.92,11,2,0,0,0,2026-04-30
100977,5,15,1724.22,10,1,0,1,0,2026-05-31
100977,6,26,1966.9,8,0,0,1,0,2026-06-30
100978,1,14,2012.58,9,0,1,1,0,2026-01-31
100978,2,8,1163.98,13,0,0,1,0,2026-02-28
100978,3,13,408.39,15,0,0,1,0,2026-03-31
100978,4,17,1770.48,8,2,0,1,0,2026-04-30
100978,5,9,1167.79,18,3,0,0,0,2026-05-31
100978,6,9,1142.68,10,0,0,0,0,2026-06-30
100979,1,10,469.33,20,0,1,0,0,2026-01-31
100979,2,12,1217.39,14,0,0,0,1,2026-02-28
100979,3,7,514.16,12,0,0,1,0,2026-03-31
100979,4,8,301.16,9,0,0,1,0,2026-04-30
100979,5,6,390.79,12,0,0,1,1,2026-05-31
100979,6,10,1498.83,10,0,0,0,0,2026-06-30
100980,1,8,468.08,8,0,0,0,0,2026-01-31
100980,2,8,238.44,14,1,0,0,0,2026-02-28
100980,3,8,818.94,18,1,1,1,0,2026-03-31
100980,4,5,588.57,12,1,1,1,0,2026-04-30
100980,5,6,203.04,11,0,0,1,0,2026-05-31
100980,6,6,322.53,14,2,0,1,0,2026-06-30
100981,1,21,3029.87,10,0,0,0,0,2026-01-31
100981,2,20,2730.41,8,0,0,0,0,2026-02-28
100981,3,14,1743.26,15,0,0,1,0,2026-03-31
100981,4,25,779.14,13,1,0,0,1,2026-04-30
100981,5,26,3218.04,21,1,0,1,0,2026-05-31
100981,6,21,2578.65,6,0,1,1,0,2026-06-30
100982,1,13,541.6,8,1,1,1,1,2026-01-31
100982,2,9,1157.85,8,0,0,1,0,2026-02-28
100982,3,10,642.43,10,0,1,1,0,2026-03-31
100982,4,8,160.28,7,0,1,1,0,2026-04-30
100982,5,15,589.05,13,0,0,1,0,2026-05-31
100982,6,6,578.96,12,1,1,1,1,2026-06-30
100983,1,22,1067.54,11,0,0,1,0,2026-01-31
100983,2,17,1019.87,9,3,0,0,0,2026-02-28
100983,3,15,1756.42,10,0,1,1,0,2026-03-31
100983,4,13,1750.79,9,1,0,1,0,2026-04-30
100983,5,26,2050.17,14,2,0,1,0,2026-05-31
100983,6,23,873.82,10,0,1,1,0,2026-06-30
100984,1,20,1361.92,8,0,1,1,0,2026-01-31
100984,2,16,899.15,9,0,1,0,0,2026-02-28
100984,3,16,1669.13,19,1,1,1,0,2026-03-31
100984,4,17,1561.08,15,0,1,1,0,2026-04-30
100984,5,21,1201.35,5,2,1,1,0,2026-05-31
100984,6,14,1443.44,15,0,1,1,0,2026-06-30
100985,1,13,1600.16,11,1,0,1,0,2026-01-31
100985,2,14,1384.96,4,0,1,1,0,2026-02-28
100985,3,11,1004.92,12,0,0,1,1,2026-03-31
100985,4,14,797.0,22,1,0,0,0,2026-04-30
100985,5,9,577.32,12,0,0,1,0,2026-05-31
100985,6,15,2133.48,11,0,1,1,0,2026-06-30
100986,1,20,2793.31,4,0,0,0,0,2026-01-31
100986,2,15,1249.88,15,1,0,1,0,2026-02-28
100986,3,16,1825.27,17,0,0,1,0,2026-03-31
100986,4,23,1538.87,10,0,0,1,1,2026-04-30
100986,5,16,1017.47,9,0,1,1,1,2026-05-31
100986,6,18,2164.32,21,0,1,1,0,2026-06-30
100987,1,18,2268.29,20,0,1,1,0,2026-01-31
100987,2,11,1290.79,10,2,1,1,0,2026-02-28
100987,3,8,523.57,10,1,0,1,0,2026-03-31
100987,4,15,883.59,10,0,1,1,0,2026-04-30
100987,5,13,1182.33,13,0,1,0,0,2026-05-31
100987,6,14,1568.12,10,2,0,0,0,2026-06-30
100988,1,3,136.25,15,0,0,1,0,2026-01-31
100988,2,5,716.83,15,0,0,1,0,2026-02-28
100988,3,7,307.36,6,0,1,1,0,2026-03-31
100988,4,4,269.44,17,1,1,1,0,2026-04-30
100988,5,5,699.58,9,1,1,1,0,2026-05-31
100988,6,3,293.59,13,0,0,0,0,2026-06-30
100989,1,14,312.28,6,0,1,1,0,2026-01-31
100989,2,7,303.02,12,1,0,1,0,2026-02-28
100989,3,10,568.42,16,1,1,0,0,2026-03-31
100989,4,12,971.35,11,0,1,0,0,2026-04-30
100989,5,10,817.72,10,0,0,0,0,2026-05-31
100989,6,12,1714.46,11,0,1,0,1,2026-06-30
100990,1,7,1049.88,14,0,0,1,1,2026-01-31
100990,2,7,222.54,4,0,0,0,0,2026-02-28
100990,3,4,481.25,16,1,0,1,0,2026-03-31
100990,4,6,843.75,11,0,0,0,0,2026-04-30
100990,5,5,208.0,9,0,1,1,0,2026-05-31
100990,6,6,267.15,12,0,1,1,0,2026-06-30
100991,1,6,890.17,12,1,0,1,0,2026-01-31
100991,2,4,341.67,13,1,1,1,0,2026-02-28
100991,3,6,510.98,11,0,0,1,0,2026-03-31
100991,4,6,851.99,17,0,0,1,0,2026-04-30
100991,5,6,602.56,9,2,1,1,0,2026-05-31
100991,6,6,733.23,4,1,1,0,0,2026-06-30
100992,1,27,1299.46,9,1,1,1,0,2026-01-31
100992,2,20,1593.77,15,2,1,0,0,2026-02-28
100992,3,16,1213.62,12,1,0,1,1,2026-03-31
100992,4,27,2717.22,10,1,0,1,1,2026-04-30
100992,5,17,1093.48,9,1,0,1,0,2026-05-31
100992,6,22,1746.2,3,0,0,1,1,2026-06-30
100993,1,7,274.52,12,0,1,1,0,2026-01-31
100993,2,6,260.59,9,0,1,1,1,2026-02-28
100993,3,7,786.14,10,0,0,0,0,2026-03-31
100993,4,11,1022.65,9,0,0,1,0,2026-04-30
100993,5,6,569.8,14,1,0,1,1,2026-05-31
100993,6,7,903.58,9,0,0,1,0,2026-06-30
100994,1,7,456.58,13,0,0,1,0,2026-01-31
100994,2,8,395.2,13,1,0,1,0,2026-02-28
100994,3,12,912.17,15,1,1,1,1,2026-03-31
100994,4,8,169.91,3,2,0,1,0,2026-04-30
100994,5,7,693.51,10,0,0,0,0,2026-05-31
100994,6,11,1346.69,18,2,1,0,1,2026-06-30
100995,1,18,707.15,14,0,0,1,0,2026-01-31
100995,2,21,2590.17,15,1,0,1,0,2026-02-28
100995,3,17,1844.46,15,0,0,1,0,2026-03-31
100995,4,8,916.88,9,0,0,0,0,2026-04-30
100995,5,11,1089.93,6,2,0,1,0,2026-05-31
100995,6,9,300.4,15,1,0,1,0,2026-06-30
100996,1,27,2355.92,15,1,1,1,1,2026-01-31
100996,2,13,496.73,11,1,0,1,0,2026-02-28
100996,3,25,2035.54,12,0,1,1,1,2026-03-31
100996,4,14,1556.73,19,1,0,1,1,2026-04-30
100996,5,13,765.18,19,0,1,1,0,2026-05-31
100996,6,20,1575.84,9,0,1,0,0,2026-06-30
100997,1,5,140.17,11,1,0,1,0,2026-01-31
100997,2,6,195.12,8,0,0,1,0,2026-02-28
100997,3,11,1102.23,18,0,0,1,1,2026-03-31
100997,4,4,158.02,4,0,0,1,0,2026-04-30
100997,5,7,519.14,6,2,0,1,0,2026-05-31
100997,6,8,603.36,9,2,1,1,0,2026-06-30
100998,1,16,960.29,13,0,1,1,0,2026-01-31
100998,2,16,2037.2,12,1,1,1,0,2026-02-28
100998,3,25,2450.6,5,1,0,1,0,2026-03-31
100998,4,29,2912.7,18,0,0,1,0,2026-04-30
100998,5,31,1998.64,8,0,1,0,0,2026-05-31
100998,6,24,1749.1,10,0,1,1,0,2026-06-30
100999,1,11,1376.34,19,0,0,0,0,2026-01-31
100999,2,14,1431.9,15,0,1,1,0,2026-02-28
100999,3,9,516.05,16,0,0,0,1,2026-03-31
100999,4,16,992.15,11,0,0,0,0,2026-04-30
100999,5,7,876.36,5,0,0,0,0,2026-05-31
100999,6,14,507.23,16,0,0,1,0,2026-06-30
101000,1,14,708.54,4,0,1,1,0,2026-01-31
101000,2,11,816.27,6,0,0,1,0,2026-02-28
101000,3,12,1519.44,3,2,0,0,0,2026-03-31
101000,4,10,1242.14,17,1,0,1,1,2026-04-30
101000,5,10,750.98,15,1,0,1,1,2026-05-31
101000,6,15,1667.28,12,0,0,1,0,2026-06-30
101001,1,24,1452.59,11,0,1,1,0,2026-01-31
101001,2,25,2705.37,14,0,0,1,0,2026-02-28
101001,3,28,1446.59,13,1,1,1,0,2026-03-31
101001,4,22,2794.75,8,0,0,0,0,2026-04-30
101001,5,27,1471.66,10,0,0,1,0,2026-05-31
101001,6,20,786.64,11,1,1,1,0,2026-06-30
101002,1,19,2597.61,5,0,0,1,0,2026-01-31
101002,2,11,302.48,12,1,0,1,1,2026-02-28
101002,3,17,1182.69,14,0,0,1,0,2026-03-31
101002,4,10,458.23,14,0,0,1,0,2026-04-30
101002,5,19,2793.66,10,1,0,1,0,2026-05-31
101002,6,10,1018.92,10,0,1,0,1,2026-06-30
101003,1,10,503.95,9,0,1,0,1,2026-01-31
101003,2,9,1086.88,16,0,0,0,0,2026-02-28
101003,3,5,704.19,13,0,0,1,0,2026-03-31
101003,4,12,310.31,9,1,0,1,0,2026-04-30
101003,5,10,356.92,23,1,0,0,0,2026-05-31
101003,6,5,500.22,5,0,0,1,0,2026-06-30
101004,1,19,2123.95,7,0,1,1,0,2026-01-31
101004,2,17,1211.61,10,0,0,0,0,2026-02-28
101004,3,18,2557.0,7,0,0,1,0,2026-03-31
101004,4,13,1320.35,7,1,1,1,1,2026-04-30
101004,5,12,890.78,10,0,0,0,0,2026-05-31
101004,6,19,693.93,11,1,1,0,0,2026-06-30
101005,1,9,738.31,12,0,0,1,0,2026-01-31
101005,2,14,1509.56,18,0,0,1,0,2026-02-28
101005,3,12,845.12,15,0,1,1,0,2026-03-31
101005,4,10,652.22,13,0,0,1,0,2026-04-30
101005,5,6,635.48,27,0,0,1,0,2026-05-31
101005,6,8,347.0,5,0,0,0,0,2026-06-30
101006,1,8,326.79,12,1,1,0,0,2026-01-31
101006,2,12,797.87,14,0,1,1,0,2026-02-28
101006,3,15,1322.61,17,1,0,1,0,2026-03-31
101006,4,12,895.32,13,0,0,0,0,2026-04-30
101006,5,13,294.23,16,0,1,1,0,2026-05-31
101006,6,16,1301.63,11,0,1,0,1,2026-06-30
101007,1,11,739.7,6,0,1,0,1,2026-01-31
101007,2,11,1486.84,7,1,0,1,0,2026-02-28
101007,3,9,517.94,10,1,1,1,0,2026-03-31
101007,4,9,917.57,8,0,0,1,1,2026-04-30
101007,5,10,438.92,18,0,1,0,0,2026-05-31
101007,6,8,1072.22,13,1,0,1,0,2026-06-30
101008,1,16,473.97,9,0,0,0,1,2026-01-31
101008,2,12,1058.46,5,0,1,0,0,2026-02-28
101008,3,9,681.27,7,2,1,1,1,2026-03-31
101008,4,11,765.99,12,0,0,0,0,2026-04-30
101008,5,6,397.47,11,1,1,0,0,2026-05-31
101008,6,8,1016.86,10,0,1,1,0,2026-06-30
101009,1,20,1374.03,14,3,0,1,0,2026-01-31
101009,2,23,487.51,11,2,1,1,0,2026-02-28
101009,3,15,426.33,14,0,1,1,0,2026-03-31
101009,4,25,2437.92,11,0,0,1,1,2026-04-30
101009,5,27,2595.13,9,0,1,0,1,2026-05-31
101009,6,28,3824.9,27,0,0,0,0,2026-06-30
101010,1,18,561.31,18,0,0,0,0,2026-01-31
101010,2,15,786.12,6,0,1,0,0,2026-02-28
101010,3,12,979.49,5,1,1,1,1,2026-03-31
101010,4,13,683.06,3,0,0,0,1,2026-04-30
101010,5,16,1273.87,19,1,0,1,0,2026-05-31
101010,6,23,1113.78,12,0,0,1,1,2026-06-30
101011,1,7,1007.59,16,0,1,1,0,2026-01-31
101011,2,11,899.8,16,1,1,1,0,2026-02-28
101011,3,12,710.51,13,0,1,0,0,2026-03-31
101011,4,7,964.61,9,0,0,1,0,2026-04-30
101011,5,6,572.67,8,1,0,1,0,2026-05-31
101011,6,11,462.6,14,0,0,0,0,2026-06-30
101012,1,20,2965.92,7,1,1,1,0,2026-01-31
101012,2,29,3405.91,8,1,1,0,1,2026-02-28
101012,3,27,2016.51,8,0,0,0,0,2026-03-31
101012,4,17,1582.7,13,1,1,1,0,2026-04-30
101012,5,23,816.73,8,1,0,1,0,2026-05-31
101012,6,12,1677.73,21,0,0,1,0,2026-06-30
101013,1,20,1231.98,13,0,0,1,0,2026-01-31
101013,2,17,2258.03,11,2,1,1,0,2026-02-28
101013,3,12,273.24,13,0,0,1,0,2026-03-31
101013,4,26,2364.4,10,0,0,0,0,2026-04-30
101013,5,28,2354.08,16,0,0,1,0,2026-05-31
101013,6,28,1996.6,18,0,0,1,0,2026-06-30
101014,1,7,647.89,15,0,0,1,1,2026-01-31
101014,2,9,866.54,11,0,1,1,0,2026-02-28
101014,3,16,1645.58,10,1,0,1,1,2026-03-31
101014,4,16,891.22,10,1,1,1,0,2026-04-30
101014,5,11,1598.92,16,1,1,1,0,2026-05-31
101014,6,9,379.32,12,0,0,1,0,2026-06-30
101015,1,5,499.29,8,0,1,1,1,2026-01-31
101015,2,6,669.91,12,0,0,0,0,2026-02-28
101015,3,6,814.45,11,0,0,1,0,2026-03-31
101015,4,6,560.14,12,1,0,1,0,2026-04-30
101015,5,6,518.51,9,0,0,0,0,2026-05-31
101015,6,3,400.86,12,0,1,0,0,2026-06-30
101016,1,16,1579.32,18,2,0,0,1,2026-01-31
101016,2,20,2068.56,4,0,0,0,1,2026-02-28
101016,3,18,581.38,5,0,0,0,0,2026-03-31
101016,4,15,2078.78,4,0,1,1,0,2026-04-30
101016,5,12,770.12,14,1,0,1,0,2026-05-31
101016,6,19,1731.25,12,1,1,1,0,2026-06-30
101017,1,12,760.82,12,1,0,1,0,2026-01-31
101017,2,29,2134.84,8,2,1,1,0,2026-02-28
101017,3,25,1572.07,19,0,0,0,0,2026-03-31
101017,4,22,482.36,12,2,0,1,0,2026-04-30
101017,5,13,1258.78,14,0,1,1,1,2026-05-31
101017,6,20,546.34,10,0,1,1,0,2026-06-30
101018,1,13,1622.64,13,0,0,0,0,2026-01-31
101018,2,21,1169.25,10,1,0,1,1,2026-02-28
101018,3,24,2323.25,7,2,0,0,0,2026-03-31
101018,4,11,714.41,20,0,0,1,1,2026-04-30
101018,5,11,221.39,9,0,1,1,1,2026-05-31
101018,6,19,2652.37,13,0,0,1,1,2026-06-30
101019,1,11,979.59,7,0,0,0,0,2026-01-31
101019,2,22,2470.96,11,0,1,1,0,2026-02-28
101019,3,28,4004.48,15,1,1,1,0,2026-03-31
101019,4,24,1331.95,7,1,1,1,0,2026-04-30
101019,5,21,2590.6,17,0,0,1,0,2026-05-31
101019,6,15,937.97,10,0,1,1,0,2026-06-30
101020,1,10,1175.26,15,0,1,0,0,2026-01-31
101020,2,12,689.12,12,0,0,1,1,2026-02-28
101020,3,9,1153.73,12,1,0,0,0,2026-03-31
101020,4,9,351.66,12,1,0,1,0,2026-04-30
101020,5,15,1341.41,12,0,1,1,0,2026-05-31
101020,6,17,616.5,10,0,0,0,0,2026-06-30
101021,1,25,2755.29,18,0,0,0,0,2026-01-31
101021,2,17,979.93,11,0,1,1,0,2026-02-28
101021,3,31,1283.83,15,1,1,0,0,2026-03-31
101021,4,34,3476.63,12,1,0,0,0,2026-04-30
101021,5,25,1870.12,9,0,0,1,0,2026-05-31
101021,6,24,3389.37,12,0,0,1,0,2026-06-30
101022,1,6,449.67,19,0,1,0,0,2026-01-31
101022,2,4,566.2,11,0,1,1,1,2026-02-28
101022,3,4,401.95,17,1,1,0,0,2026-03-31
101022,4,7,727.59,5,0,0,1,0,2026-04-30
101022,5,8,407.36,13,0,0,1,0,2026-05-31
101022,6,3,133.86,7,0,0,1,0,2026-06-30
101023,1,11,341.44,6,1,0,0,0,2026-01-31
101023,2,18,2098.72,11,1,0,1,0,2026-02-28
101023,3,20,2420.3,15,0,1,1,1,2026-03-31
101023,4,10,1183.32,12,0,0,1,0,2026-04-30
101023,5,24,1807.61,11,0,0,1,0,2026-05-31
101023,6,14,791.24,18,0,1,0,1,2026-06-30
101024,1,18,1102.99,14,0,1,1,1,2026-01-31
101024,2,16,1241.21,15,1,0,0,0,2026-02-28
101024,3,10,587.77,15,0,0,0,0,2026-03-31
101024,4,9,513.36,10,1,1,1,1,2026-04-30
101024,5,18,802.37,13,0,0,0,0,2026-05-31
101024,6,11,539.0,13,0,1,0,0,2026-06-30
101025,1,5,550.93,15,0,1,1,1,2026-01-31
101025,2,5,600.77,18,0,0,0,1,2026-02-28
101025,3,6,293.36,8,0,1,0,0,2026-03-31
101025,4,9,825.93,11,0,0,0,1,2026-04-30
101025,5,8,457.57,8,0,1,1,0,2026-05-31
101025,6,9,1095.77,10,1,1,0,0,2026-06-30
101026,1,7,1009.66,6,1,0,1,0,2026-01-31
101026,2,13,1321.28,11,2,0,1,0,2026-02-28
101026,3,18,384.25,16,0,1,1,0,2026-03-31
101026,4,13,704.73,12,0,0,0,1,2026-04-30
101026,5,8,768.64,11,0,0,1,0,2026-05-31
101026,6,9,1234.69,11,2,0,1,0,2026-06-30
101027,1,10,271.0,8,0,0,0,0,2026-01-31
101027,2,11,1346.91,8,0,0,1,0,2026-02-28
101027,3,10,1070.33,15,1,0,1,0,2026-03-31
101027,4,6,831.75,4,1,0,0,0,2026-04-30
101027,5,9,295.29,14,2,1,1,0,2026-05-31
101027,6,6,136.59,9,1,0,1,0,2026-06-30
101028,1,6,863.38,11,1,1,1,0,2026-01-31
101028,2,7,982.84,6,1,0,1,0,2026-02-28
101028,3,6,706.55,21,0,0,1,0,2026-03-31
101028,4,4,253.65,17,1,0,1,0,2026-04-30
101028,5,3,446.04,21,0,1,0,0,2026-05-31
101028,6,6,357.91,10,2,1,1,0,2026-06-30
101029,1,11,868.94,26,0,0,0,1,2026-01-31
101029,2,16,1725.37,18,1,1,1,0,2026-02-28
101029,3,12,970.68,26,1,1,0,0,2026-03-31
101029,4,21,1246.63,15,0,1,0,0,2026-04-30
101029,5,15,772.27,26,0,1,1,1,2026-05-31
101029,6,9,1246.28,9,0,0,1,0,2026-06-30
101030,1,9,895.87,14,0,0,1,0,2026-01-31
101030,2,8,870.76,17,0,0,0,0,2026-02-28
101030,3,10,504.6,14,2,1,1,1,2026-03-31
101030,4,11,934.42,20,0,0,0,0,2026-04-30
101030,5,10,677.69,10,1,0,0,0,2026-05-31
101030,6,7,650.15,21,1,0,0,0,2026-06-30
101031,1,22,2714.79,8,0,1,1,0,2026-01-31
101031,2,15,1647.45,7,0,0,1,0,2026-02-28
101031,3,21,1160.8,9,0,0,1,0,2026-03-31
101031,4,16,2203.52,13,1,1,0,1,2026-04-30
101031,5,18,2613.88,10,0,0,1,0,2026-05-31
101031,6,9,700.67,11,0,0,0,0,2026-06-30
101032,1,8,692.73,20,0,0,0,0,2026-01-31
101032,2,7,663.63,12,0,0,1,1,2026-02-28
101032,3,8,311.27,7,0,1,1,1,2026-03-31
101032,4,8,939.38,9,0,1,0,1,2026-04-30
101032,5,9,600.88,14,1,0,0,0,2026-05-31
101032,6,6,541.65,20,0,1,1,0,2026-06-30
101033,1,14,1474.99,7,1,0,1,0,2026-01-31
101033,2,18,1896.04,11,1,0,1,0,2026-02-28
101033,3,26,2224.79,19,1,1,1,0,2026-03-31
101033,4,22,1199.71,12,0,0,1,0,2026-04-30
101033,5,16,1489.14,12,0,0,1,0,2026-05-31
101033,6,27,3694.23,12,1,0,1,0,2026-06-30
101034,1,17,1154.49,9,3,1,1,0,2026-01-31
101034,2,14,1568.22,9,1,0,1,0,2026-02-28
101034,3,11,1085.92,6,0,0,0,0,2026-03-31
101034,4,10,200.58,12,2,0,1,0,2026-04-30
101034,5,6,510.77,13,2,1,1,0,2026-05-31
101034,6,8,1030.64,7,0,1,1,0,2026-06-30
101035,1,7,775.91,4,0,0,1,0,2026-01-31
101035,2,6,218.57,19,1,0,0,0,2026-02-28
101035,3,6,733.36,16,0,1,1,0,2026-03-31
101035,4,8,431.96,11,1,1,1,0,2026-04-30
101035,5,10,1240.07,13,1,0,0,0,2026-05-31
101035,6,7,765.27,15,2,0,1,0,2026-06-30
101036,1,10,932.3,8,1,1,0,0,2026-01-31
101036,2,10,1482.57,14,0,0,0,1,2026-02-28
101036,3,8,949.4,13,0,1,1,0,2026-03-31
101036,4,7,631.01,15,2,1,1,1,2026-04-30
101036,5,10,302.27,9,0,0,1,0,2026-05-31
101036,6,8,483.58,13,2,0,1,1,2026-06-30
101037,1,4,510.73,8,1,1,0,0,2026-01-31
101037,2,6,516.16,11,0,0,1,0,2026-02-28
101037,3,5,685.66,7,1,1,1,1,2026-03-31
101037,4,3,72.81,16,0,0,1,0,2026-04-30
101037,5,6,647.99,12,1,0,1,1,2026-05-31
101037,6,7,373.88,14,0,1,1,0,2026-06-30
101038,1,12,517.09,14,0,0,1,0,2026-01-31
101038,2,20,1638.51,3,0,1,1,1,2026-02-28
101038,3,13,1791.85,8,1,1,0,0,2026-03-31
101038,4,15,1512.01,18,1,0,0,0,2026-04-30
101038,5,11,1101.78,8,0,0,1,1,2026-05-31
101038,6,10,466.01,4,0,0,1,1,2026-06-30
101039,1,8,995.3,17,0,1,1,0,2026-01-31
101039,2,10,1032.26,8,0,0,0,0,2026-02-28
101039,3,5,659.65,14,0,0,1,0,2026-03-31
101039,4,6,239.78,12,1,0,0,0,2026-04-30
101039,5,11,1596.7,8,0,1,0,0,2026-05-31
101039,6,11,434.37,16,0,1,1,0,2026-06-30
101040,1,12,569.48,8,1,1,1,1,2026-01-31
101040,2,10,737.15,14,1,1,1,0,2026-02-28
101040,3,18,1023.19,6,0,1,1,0,2026-03-31
101040,4,12,1699.47,11,1,1,1,0,2026-04-30
101040,5,13,803.41,3,1,0,0,0,2026-05-31
101040,6,11,1243.48,14,0,0,1,0,2026-06-30
101041,1,7,865.87,5,1,0,1,0,2026-01-31
101041,2,15,937.96,20,1,1,1,0,2026-02-28
101041,3,12,583.59,12,0,1,0,1,2026-03-31
101041,4,14,1191.49,16,0,1,1,0,2026-04-30
101041,5,7,532.07,15,0,0,1,0,2026-05-31
101041,6,7,993.28,13,0,0,0,0,2026-06-30
101042,1,25,2516.08,13,0,1,1,0,2026-01-31
101042,2,19,1058.44,13,0,0,1,0,2026-02-28
101042,3,14,909.06,6,0,0,1,0,2026-03-31
101042,4,20,746.41,13,2,0,1,0,2026-04-30
101042,5,18,846.16,17,0,1,0,0,2026-05-31
101042,6,23,2924.53,4,0,0,1,1,2026-06-30
101043,1,33,2455.11,9,0,0,0,1,2026-01-31
101043,2,13,1928.41,10,0,1,1,1,2026-02-28
101043,3,22,1326.02,16,0,0,1,0,2026-03-31
101043,4,28,2448.95,14,0,0,0,0,2026-04-30
101043,5,16,1356.61,11,1,0,0,0,2026-05-31
101043,6,24,561.05,11,0,1,1,0,2026-06-30
101044,1,8,1098.85,5,0,1,1,0,2026-01-31
101044,2,8,239.31,13,1,0,1,0,2026-02-28
101044,3,13,1392.22,12,1,0,1,0,2026-03-31
101044,4,6,592.3,11,0,1,0,0,2026-04-30
101044,5,11,1103.44,11,1,1,1,0,2026-05-31
101044,6,7,472.24,19,3,0,1,0,2026-06-30
101045,1,8,831.12,15,0,1,1,1,2026-01-31
101045,2,8,842.38,17,1,1,1,0,2026-02-28
101045,3,9,1072.87,9,0,0,1,0,2026-03-31
101045,4,6,585.98,18,0,0,1,1,2026-04-30
101045,5,8,181.93,17,0,0,1,0,2026-05-31
101045,6,8,1005.2,14,0,1,1,0,2026-06-30
101046,1,6,299.09,11,1,1,1,1,2026-01-31
101046,2,10,424.04,10,0,0,0,1,2026-02-28
101046,3,10,1121.01,20,0,0,1,0,2026-03-31
101046,4,5,157.38,22,1,0,0,0,2026-04-30
101046,5,7,236.45,8,0,1,1,0,2026-05-31
101046,6,10,356.88,8,0,0,1,0,2026-06-30
101047,1,18,1997.05,9,0,0,1,0,2026-01-31
101047,2,13,1317.09,15,0,0,0,1,2026-02-28
101047,3,10,515.52,13,1,1,1,0,2026-03-31
101047,4,16,2356.76,9,0,1,0,1,2026-04-30
101047,5,16,943.55,12,0,0,1,0,2026-05-31
101047,6,9,859.47,11,0,0,1,0,2026-06-30
101048,1,2,152.82,16,0,0,1,0,2026-01-31
101048,2,2,194.53,11,0,1,1,0,2026-02-28
101048,3,3,286.31,8,0,0,1,0,2026-03-31
101048,4,3,357.75,13,1,1,1,0,2026-04-30
101048,5,2,169.75,12,0,1,1,0,2026-05-31
101048,6,3,190.55,16,0,1,1,0,2026-06-30
101049,1,18,2011.59,17,0,0,1,0,2026-01-31
101049,2,18,636.12,23,1,0,1,1,2026-02-28
101049,3,24,2540.74,16,0,0,1,0,2026-03-31
101049,4,10,907.69,11,1,0,1,0,2026-04-30
101049,5,14,994.64,17,0,1,0,1,2026-05-31
101049,6,13,371.6,12,0,0,1,0,2026-06-30
101050,1,27,980.18,9,0,0,1,0,2026-01-31
101050,2,21,1271.79,9,0,0,1,0,2026-02-28
101050,3,14,1459.24,11,0,0,0,0,2026-03-31
101050,4,18,1342.76,11,0,1,1,0,2026-04-30
101050,5,19,2771.7,9,0,0,0,0,2026-05-31
101050,6,16,966.37,11,0,1,1,0,2026-06-30
101051,1,16,740.12,15,1,1,1,0,2026-01-31
101051,2,20,1738.96,6,0,1,1,0,2026-02-28
101051,3,23,2524.76,16,0,1,1,0,2026-03-31
101051,4,23,1357.62,8,0,1,1,0,2026-04-30
101051,5,15,599.94,5,0,0,1,0,2026-05-31
101051,6,12,377.91,14,0,0,1,0,2026-06-30
101052,1,19,907.11,15,1,0,1,1,2026-01-31
101052,2,16,1892.22,10,0,1,1,1,2026-02-28
101052,3,21,1264.01,3,0,1,1,0,2026-03-31
101052,4,15,699.59,13,0,0,0,0,2026-04-30
101052,5,25,2335.52,16,1,1,0,0,2026-05-31
101052,6,27,3446.21,15,0,0,1,1,2026-06-30
101053,1,16,998.95,16,0,0,1,1,2026-01-31
101053,2,9,632.59,14,0,0,1,0,2026-02-28
101053,3,16,1069.65,6,0,1,1,0,2026-03-31
101053,4,22,523.7,11,1,1,0,1,2026-04-30
101053,5,18,1362.51,13,0,0,0,0,2026-05-31
101053,6,12,751.56,10,0,0,1,0,2026-06-30
101054,1,9,221.95,17,0,1,1,1,2026-01-31
101054,2,6,886.79,4,3,1,1,1,2026-02-28
101054,3,5,208.23,7,0,0,0,1,2026-03-31
101054,4,5,214.41,16,0,1,1,0,2026-04-30
101054,5,13,708.95,16,0,1,1,1,2026-05-31
101054,6,7,668.71,16,1,0,1,0,2026-06-30
101055,1,9,349.08,8,0,0,1,0,2026-01-31
101055,2,8,500.29,18,0,1,0,0,2026-02-28
101055,3,6,199.62,3,0,0,0,0,2026-03-31
101055,4,6,174.52,21,0,1,1,0,2026-04-30
101055,5,6,314.25,20,1,0,1,0,2026-05-31
101055,6,5,699.33,11,0,1,1,0,2026-06-30
101056,1,16,2341.95,24,0,1,1,0,2026-01-31
101056,2,19,1919.51,19,1,0,0,0,2026-02-28
101056,3,10,849.0,15,2,0,1,0,2026-03-31
101056,4,9,462.76,18,0,1,1,0,2026-04-30
101056,5,18,750.65,14,1,0,1,0,2026-05-31
101056,6,15,800.2,10,0,1,1,0,2026-06-30
101057,1,7,786.36,10,0,1,1,0,2026-01-31
101057,2,9,1237.63,14,0,0,0,0,2026-02-28
101057,3,6,638.03,19,1,0,0,0,2026-03-31
101057,4,8,322.73,23,0,0,1,0,2026-04-30
101057,5,5,428.7,12,0,1,1,1,2026-05-31
101057,6,9,1179.14,13,1,0,0,0,2026-06-30
101058,1,20,594.07,19,1,0,0,0,2026-01-31
101058,2,13,1731.61,12,0,1,1,1,2026-02-28
101058,3,14,1471.31,11,0,0,0,1,2026-03-31
101058,4,11,1471.58,17,3,0,1,0,2026-04-30
101058,5,20,1018.83,8,1,0,1,0,2026-05-31
101058,6,15,1292.64,15,0,0,1,0,2026-06-30
101059,1,17,1060.41,12,0,1,1,0,2026-01-31
101059,2,29,1863.28,10,0,1,0,0,2026-02-28
101059,3,19,2631.63,13,0,0,1,1,2026-03-31
101059,4,24,2797.26,14,0,1,1,0,2026-04-30
101059,5,17,350.28,12,0,1,1,0,2026-05-31
101059,6,13,750.72,5,2,0,0,0,2026-06-30
101060,1,12,811.33,6,1,0,1,0,2026-01-31
101060,2,14,442.28,15,1,0,0,0,2026-02-28
101060,3,7,961.51,10,0,0,1,0,2026-03-31
101060,4,12,836.72,12,0,0,0,0,2026-04-30
101060,5,9,889.51,10,0,0,1,0,2026-05-31
101060,6,12,500.14,11,2,0,1,0,2026-06-30
101061,1,16,734.12,14,0,1,1,1,2026-01-31
101061,2,15,1780.03,13,1,0,0,1,2026-02-28
101061,3,13,954.12,10,1,1,1,0,2026-03-31
101061,4,7,576.22,9,0,0,1,0,2026-04-30
101061,5,7,792.61,11,0,0,0,0,2026-05-31
101061,6,7,329.04,10,0,0,0,0,2026-06-30
101062,1,12,1515.72,14,0,1,1,0,2026-01-31
101062,2,8,764.55,12,2,1,0,0,2026-02-28
101062,3,11,822.21,8,0,0,0,1,2026-03-31
101062,4,11,715.3,9,2,0,1,0,2026-04-30
101062,5,7,842.46,15,0,1,0,1,2026-05-31
101062,6,9,816.66,5,0,0,1,0,2026-06-30
101063,1,8,198.8,15,1,1,0,0,2026-01-31
101063,2,6,581.14,17,0,0,1,0,2026-02-28
101063,3,7,917.34,9,0,0,0,1,2026-03-31
101063,4,10,244.63,19,0,1,1,0,2026-04-30
101063,5,9,827.82,13,1,0,1,0,2026-05-31
101063,6,9,186.72,10,0,0,0,0,2026-06-30
101064,1,4,179.14,8,0,0,0,1,2026-01-31
101064,2,3,214.8,23,1,1,1,1,2026-02-28
101064,3,7,545.14,9,0,1,1,0,2026-03-31
101064,4,7,307.03,6,0,1,1,1,2026-04-30
101064,5,6,710.19,11,0,0,1,1,2026-05-31
101064,6,7,908.48,9,1,0,1,1,2026-06-30
101065,1,8,902.78,10,0,1,1,0,2026-01-31
101065,2,8,760.06,5,0,0,0,0,2026-02-28
101065,3,8,392.57,12,0,1,0,0,2026-03-31
101065,4,8,1048.34,7,0,1,1,1,2026-04-30
101065,5,8,623.82,19,0,0,0,1,2026-05-31
101065,6,7,483.72,10,0,0,0,0,2026-06-30
101066,1,16,475.72,10,0,0,0,0,2026-01-31
101066,2,24,3472.19,12,1,0,1,0,2026-02-28
101066,3,24,2411.05,19,1,0,1,0,2026-03-31
101066,4,13,1893.9,13,0,1,1,0,2026-04-30
101066,5,18,1507.17,20,0,1,1,0,2026-05-31
101066,6,18,1529.13,20,1,0,1,0,2026-06-30
101067,1,31,2191.54,8,0,1,1,0,2026-01-31
101067,2,27,1662.69,14,0,0,1,0,2026-02-28
101067,3,20,1385.64,14,0,0,0,0,2026-03-31
101067,4,29,1770.9,13,0,1,1,1,2026-04-30
101067,5,12,610.53,12,0,0,1,0,2026-05-31
101067,6,20,807.36,13,0,0,0,0,2026-06-30
101068,1,5,204.98,4,0,0,0,1,2026-01-31
101068,2,4,515.95,19,2,0,1,1,2026-02-28
101068,3,5,518.89,17,0,1,1,1,2026-03-31
101068,4,7,977.46,16,0,0,1,0,2026-04-30
101068,5,4,341.41,10,0,0,0,0,2026-05-31
101068,6,5,727.17,10,0,0,0,0,2026-06-30
101069,1,13,437.68,13,0,0,1,0,2026-01-31
101069,2,9,590.37,14,1,0,1,0,2026-02-28
101069,3,17,1645.14,15,2,1,1,0,2026-03-31
101069,4,9,1292.53,13,0,1,0,0,2026-04-30
101069,5,15,590.34,11,0,0,0,0,2026-05-31
101069,6,13,1719.75,11,0,1,1,0,2026-06-30
101070,1,13,444.59,12,0,1,1,0,2026-01-31
101070,2,14,838.79,7,2,0,1,0,2026-02-28
101070,3,10,1172.39,12,0,1,0,0,2026-03-31
101070,4,13,752.0,9,0,0,1,0,2026-04-30
101070,5,10,1474.22,10,0,0,1,0,2026-05-31
101070,6,10,231.7,3,0,1,1,0,2026-06-30
101071,1,20,2159.96,11,1,0,1,0,2026-01-31
101071,2,27,577.4,16,1,0,0,0,2026-02-28
101071,3,23,728.03,6,0,0,0,0,2026-03-31
101071,4,29,714.82,15,1,0,1,1,2026-04-30
101071,5,23,1700.46,6,0,0,1,0,2026-05-31
101071,6,17,401.25,11,0,1,1,0,2026-06-30
101072,1,3,441.62,12,0,1,1,0,2026-01-31
101072,2,7,1017.12,9,1,1,1,1,2026-02-28
101072,3,5,119.34,17,1,0,1,1,2026-03-31
101072,4,7,534.99,10,0,0,1,0,2026-04-30
101072,5,7,928.98,10,0,0,0,0,2026-05-31
101072,6,3,434.26,20,1,1,1,0,2026-06-30
101073,1,17,782.41,17,1,0,1,1,2026-01-31
101073,2,16,1769.44,6,0,0,0,0,2026-02-28
101073,3,11,980.48,10,0,1,1,0,2026-03-31
101073,4,11,303.8,14,0,0,1,1,2026-04-30
101073,5,19,2018.37,12,0,0,1,1,2026-05-31
101073,6,17,1278.17,16,1,0,1,0,2026-06-30
101074,1,10,864.33,5,0,1,1,0,2026-01-31
101074,2,5,280.9,18,0,1,0,0,2026-02-28
101074,3,4,464.83,13,0,0,1,0,2026-03-31
101074,4,7,890.71,12,2,1,0,0,2026-04-30
101074,5,8,910.8,8,1,1,0,0,2026-05-31
101074,6,4,193.51,16,0,1,1,0,2026-06-30
101075,1,3,227.25,9,1,0,1,0,2026-01-31
101075,2,3,166.76,9,1,1,1,0,2026-02-28
101075,3,5,115.34,15,0,0,1,0,2026-03-31
101075,4,3,412.75,17,0,0,0,0,2026-04-30
101075,5,6,690.08,14,2,0,1,0,2026-05-31
101075,6,5,198.56,19,1,0,1,1,2026-06-30
101076,1,7,812.84,12,0,1,1,0,2026-01-31
101076,2,7,998.27,14,0,1,0,0,2026-02-28
101076,3,13,492.56,12,0,0,1,0,2026-03-31
101076,4,10,1253.58,9,0,1,1,0,2026-04-30
101076,5,10,949.4,10,2,0,1,0,2026-05-31
101076,6,7,462.41,3,0,0,1,0,2026-06-30
101077,1,34,1815.39,8,0,1,1,0,2026-01-31
101077,2,14,352.65,9,0,1,1,1,2026-02-28
101077,3,18,763.17,19,0,1,0,0,2026-03-31
101077,4,30,2901.2,16,0,1,1,0,2026-04-30
101077,5,17,403.98,13,0,0,1,0,2026-05-31
101077,6,20,1095.82,4,1,0,0,0,2026-06-30
101078,1,22,1697.15,15,0,1,1,0,2026-01-31
101078,2,41,4928.9,7,0,1,1,1,2026-02-28
101078,3,18,1909.09,15,1,1,1,0,2026-03-31
101078,4,30,1109.72,10,0,0,0,0,2026-04-30
101078,5,26,3838.96,16,1,0,1,1,2026-05-31
101078,6,26,2382.38,9,0,1,0,0,2026-06-30
101079,1,22,949.33,15,1,0,1,1,2026-01-31
101079,2,20,887.13,19,0,1,1,1,2026-02-28
101079,3,13,421.23,12,1,0,0,1,2026-03-31
101079,4,30,1065.47,15,0,0,1,0,2026-04-30
101079,5,24,1076.21,9,1,1,0,0,2026-05-31
101079,6,12,983.85,18,2,0,0,0,2026-06-30
101080,1,12,880.98,7,1,1,0,0,2026-01-31
101080,2,15,669.61,7,0,1,1,1,2026-02-28
101080,3,20,2019.44,8,0,1,1,0,2026-03-31
101080,4,13,260.82,17,0,1,0,1,2026-04-30
101080,5,12,413.09,23,1,0,1,0,2026-05-31
101080,6,8,653.43,16,1,1,1,1,2026-06-30
101081,1,2,173.72,5,0,0,1,0,2026-01-31
101081,2,5,196.65,18,1,1,1,0,2026-02-28
101081,3,2,117.75,11,0,0,1,0,2026-03-31
101081,4,5,391.26,16,0,1,1,0,2026-04-30
101081,5,4,532.86,12,0,1,1,0,2026-05-31
101081,6,4,225.43,4,0,1,0,0,2026-06-30
101082,1,10,1289.35,15,1,0,1,0,2026-01-31
101082,2,7,954.6,13,0,0,1,0,2026-02-28
101082,3,9,323.88,18,0,0,1,0,2026-03-31
101082,4,8,728.41,14,1,1,1,0,2026-04-30
101082,5,5,556.61,11,0,0,1,0,2026-05-31
101082,6,4,86.63,17,1,1,1,0,2026-06-30
101083,1,23,1841.66,20,0,1,0,0,2026-01-31
101083,2,14,1418.12,17,0,0,1,0,2026-02-28
101083,3,11,457.25,14,0,1,1,0,2026-03-31
101083,4,9,501.26,12,0,0,0,0,2026-04-30
101083,5,11,325.58,15,0,0,1,0,2026-05-31
101083,6,15,1563.38,20,0,0,1,0,2026-06-30
101084,1,23,1456.65,9,1,0,1,0,2026-01-31
101084,2,26,3204.33,20,1,0,1,0,2026-02-28
101084,3,20,826.06,7,1,1,1,0,2026-03-31
101084,4,29,717.83,19,0,1,0,1,2026-04-30
101084,5,29,2465.37,23,1,0,0,0,2026-05-31
101084,6,27,3413.98,9,0,1,1,0,2026-06-30
101085,1,24,2665.14,17,0,1,1,0,2026-01-31
101085,2,10,1490.18,13,0,1,0,0,2026-02-28
101085,3,13,579.63,12,1,0,1,1,2026-03-31
101085,4,19,2324.81,12,0,1,0,0,2026-04-30
101085,5,20,766.88,11,1,1,0,0,2026-05-31
101085,6,21,2282.97,14,0,1,1,0,2026-06-30
101086,1,6,379.2,16,2,1,1,0,2026-01-31
101086,2,5,412.88,16,0,1,1,0,2026-02-28
101086,3,12,1423.28,11,0,0,1,0,2026-03-31
101086,4,8,843.55,6,0,1,0,0,2026-04-30
101086,5,11,467.85,20,0,0,1,0,2026-05-31
101086,6,10,925.83,7,0,1,1,0,2026-06-30
101087,1,10,1244.92,11,0,0,1,1,2026-01-31
101087,2,10,815.14,15,1,0,1,0,2026-02-28
101087,3,19,2658.97,16,1,0,1,0,2026-03-31
101087,4,8,1165.72,11,2,0,1,0,2026-04-30
101087,5,17,578.12,9,2,0,1,0,2026-05-31
101087,6,11,621.27,23,0,0,0,0,2026-06-30
101088,1,6,500.25,25,0,0,1,0,2026-01-31
101088,2,5,213.69,8,0,1,0,1,2026-02-28
101088,3,5,484.15,5,0,0,0,0,2026-03-31
101088,4,7,166.95,17,0,1,1,0,2026-04-30
101088,5,5,696.91,9,0,0,0,0,2026-05-31
101088,6,13,1593.63,13,0,0,1,0,2026-06-30
101089,1,18,1899.18,14,0,0,0,0,2026-01-31
101089,2,12,923.73,10,0,0,1,0,2026-02-28
101089,3,15,2224.13,15,0,0,0,1,2026-03-31
101089,4,17,1803.46,14,1,1,0,0,2026-04-30
101089,5,12,1630.98,15,0,0,1,0,2026-05-31
101089,6,16,1072.53,19,0,1,1,0,2026-06-30
101090,1,17,2395.51,19,0,1,1,0,2026-01-31
101090,2,26,3094.76,8,0,1,1,0,2026-02-28
101090,3,20,2490.99,11,0,1,1,0,2026-03-31
101090,4,20,1484.75,7,0,1,1,0,2026-04-30
101090,5,12,385.69,8,0,1,1,0,2026-05-31
101090,6,28,2469.23,7,1,0,0,0,2026-06-30
101091,1,11,1259.52,15,0,0,1,0,2026-01-31
101091,2,13,1677.99,10,1,0,1,0,2026-02-28
101091,3,12,866.05,12,2,0,0,0,2026-03-31
101091,4,14,396.8,17,1,0,0,0,2026-04-30
101091,5,15,874.89,13,0,1,1,0,2026-05-31
101091,6,11,510.11,10,2,0,0,0,2026-06-30
101092,1,12,1691.03,15,3,0,1,0,2026-01-31
101092,2,17,1141.39,9,0,0,0,1,2026-02-28
101092,3,15,1653.61,15,1,0,1,0,2026-03-31
101092,4,15,2087.34,12,1,0,0,0,2026-04-30
101092,5,18,814.81,10,1,0,1,0,2026-05-31
101092,6,14,966.57,11,1,0,1,0,2026-06-30
101093,1,15,1539.0,10,0,1,1,1,2026-01-31
101093,2,16,677.33,9,1,0,0,0,2026-02-28
101093,3,12,487.9,8,1,0,0,1,2026-03-31
101093,4,15,1411.41,17,1,1,1,0,2026-04-30
101093,5,15,1399.41,16,0,1,0,1,2026-05-31
101093,6,8,813.32,11,1,1,0,1,2026-06-30
101094,1,5,162.52,13,1,0,1,0,2026-01-31
101094,2,7,303.97,11,0,0,1,0,2026-02-28
101094,3,9,762.97,8,0,0,0,0,2026-03-31
101094,4,7,872.05,14,0,0,1,1,2026-04-30
101094,5,8,720.6,10,0,0,1,0,2026-05-31
101094,6,8,694.51,12,0,1,0,0,2026-06-30
101095,1,3,368.21,17,0,1,1,0,2026-01-31
101095,2,4,471.45,10,2,0,1,0,2026-02-28
101095,3,3,159.84,15,0,1,1,0,2026-03-31
101095,4,4,375.03,16,0,0,1,0,2026-04-30
101095,5,6,182.08,3,0,1,1,0,2026-05-31
101095,6,6,656.02,8,0,0,1,0,2026-06-30
101096,1,17,1472.1,12,0,0,1,0,2026-01-31
101096,2,15,314.2,12,1,1,0,0,2026-02-28
101096,3,30,4213.58,9,0,1,1,0,2026-03-31
101096,4,24,1325.57,11,1,0,1,0,2026-04-30
101096,5,24,753.07,15,0,1,0,0,2026-05-31
101096,6,12,348.22,17,0,0,1,0,2026-06-30
101097,1,12,1526.72,9,0,0,1,0,2026-01-31
101097,2,6,726.85,14,0,0,0,0,2026-02-28
101097,3,6,599.05,6,0,1,1,1,2026-03-31
101097,4,12,628.85,10,1,0,0,0,2026-04-30
101097,5,6,351.71,5,0,0,1,1,2026-05-31
101097,6,6,138.12,7,0,0,1,0,2026-06-30
101098,1,9,654.28,8,0,0,1,1,2026-01-31
101098,2,14,884.41,11,0,1,0,0,2026-02-28
101098,3,15,1490.85,9,0,0,0,0,2026-03-31
101098,4,10,1326.94,15,0,0,0,0,2026-04-30
101098,5,12,387.37,20,0,1,1,0,2026-05-31
101098,6,9,320.22,12,1,0,1,0,2026-06-30
101099,1,17,2185.58,14,0,0,1,0,2026-01-31
101099,2,15,1085.91,19,0,0,1,0,2026-02-28
101099,3,10,589.25,15,1,1,1,0,2026-03-31
101099,4,10,806.44,20,0,1,0,0,2026-04-30
101099,5,12,811.93,10,0,1,1,0,2026-05-31
101099,6,17,2010.19,16,2,0,1,0,2026-06-30
101100,1,11,1472.88,12,0,0,1,1,2026-01-31
101100,2,14,1849.53,12,0,0,1,0,2026-02-28
101100,3,15,992.25,9,1,0,0,0,2026-03-31
101100,4,12,1640.98,13,1,1,1,0,2026-04-30
101100,5,12,302.97,3,0,1,1,0,2026-05-31
101100,6,12,333.84,7,0,0,1,0,2026-06-30
101101,1,18,513.74,15,2,1,1,0,2026-01-31
101101,2,30,622.31,10,1,1,1,0,2026-02-28
101101,3,19,2077.42,8,0,1,1,1,2026-03-31
101101,4,23,1303.49,16,0,0,0,0,2026-04-30
101101,5,17,456.51,20,0,0,0,0,2026-05-31
101101,6,34,4000.27,9,0,1,1,0,2026-06-30
101102,1,5,323.68,8,1,1,1,0,2026-01-31
101102,2,11,1460.09,5,0,0,1,0,2026-02-28
101102,3,9,740.98,8,0,1,1,1,2026-03-31
101102,4,4,511.19,12,0,0,1,0,2026-04-30
101102,5,9,194.81,12,2,1,1,0,2026-05-31
101102,6,6,480.78,11,0,1,1,0,2026-06-30
101103,1,13,1598.86,8,0,1,0,0,2026-01-31
101103,2,12,1070.62,6,1,0,1,1,2026-02-28
101103,3,10,1239.36,14,0,0,1,0,2026-03-31
101103,4,9,823.69,12,0,0,1,0,2026-04-30
101103,5,12,707.86,15,0,0,1,0,2026-05-31
101103,6,8,400.76,9,0,0,1,0,2026-06-30
101104,1,6,240.81,17,1,1,0,0,2026-01-31
101104,2,9,1165.69,14,0,1,1,0,2026-02-28
101104,3,13,1736.6,12,0,0,0,0,2026-03-31
101104,4,10,996.73,10,0,0,1,0,2026-04-30
101104,5,7,364.9,10,1,1,1,0,2026-05-31
101104,6,11,1552.45,12,0,1,1,0,2026-06-30
101105,1,25,2974.74,25,0,0,0,0,2026-01-31
101105,2,13,1112.95,11,0,0,1,1,2026-02-28
101105,3,17,365.04,9,0,0,1,0,2026-03-31
101105,4,12,1005.7,23,1,0,1,0,2026-04-30
101105,5,22,580.72,8,0,1,0,0,2026-05-31
101105,6,15,1277.63,16,0,0,0,0,2026-06-30
101106,1,10,572.07,14,0,0,1,1,2026-01-31
101106,2,10,1443.9,8,1,0,0,0,2026-02-28
101106,3,10,699.42,11,0,0,1,1,2026-03-31
101106,4,9,844.25,24,0,0,1,0,2026-04-30
101106,5,4,526.37,12,0,1,0,0,2026-05-31
101106,6,10,1345.73,9,1,0,0,0,2026-06-30
101107,1,27,2976.26,11,0,0,0,1,2026-01-31
101107,2,32,1745.76,16,0,1,1,0,2026-02-28
101107,3,14,1798.27,12,0,1,1,0,2026-03-31
101107,4,18,814.26,10,2,0,1,0,2026-04-30
101107,5,22,2230.12,18,0,0,0,0,2026-05-31
101107,6,29,591.43,15,1,0,1,0,2026-06-30
101108,1,7,1006.37,6,1,1,1,1,2026-01-31
101108,2,8,190.07,15,0,1,1,0,2026-02-28
101108,3,6,176.6,19,1,0,1,0,2026-03-31
101108,4,14,1045.69,15,0,1,1,1,2026-04-30
101108,5,9,416.34,17,0,0,0,0,2026-05-31
101108,6,8,959.48,19,2,0,1,0,2026-06-30
101109,1,19,1075.6,8,1,0,1,0,2026-01-31
101109,2,22,1315.25,12,0,0,1,0,2026-02-28
101109,3,20,1803.18,16,0,1,1,0,2026-03-31
101109,4,22,1068.95,7,3,0,1,0,2026-04-30
101109,5,11,461.46,12,0,0,0,0,2026-05-31
101109,6,16,1799.52,9,1,1,1,0,2026-06-30
101110,1,12,1180.93,12,0,1,0,1,2026-01-31
101110,2,17,2152.32,13,0,0,0,0,2026-02-28
101110,3,18,1309.89,7,1,1,1,0,2026-03-31
101110,4,13,940.41,7,0,0,1,1,2026-04-30
101110,5,22,1846.23,19,1,1,0,0,2026-05-31
101110,6,9,451.26,16,0,1,1,0,2026-06-30
101111,1,20,446.82,14,0,0,1,0,2026-01-31
101111,2,13,1212.48,17,0,1,1,0,2026-02-28
101111,3,19,1898.43,11,0,0,0,0,2026-03-31
101111,4,12,1446.91,10,1,1,1,0,2026-04-30
101111,5,14,503.71,19,0,1,1,0,2026-05-31
101111,6,20,2357.62,10,1,1,1,0,2026-06-30
101112,1,5,452.13,8,0,0,1,0,2026-01-31
101112,2,3,105.6,7,0,0,0,0,2026-02-28
101112,3,6,564.17,11,0,1,1,0,2026-03-31
101112,4,6,198.52,14,0,0,0,0,2026-04-30
101112,5,5,278.95,8,0,0,0,1,2026-05-31
101112,6,4,231.78,13,1,0,1,0,2026-06-30
101113,1,18,1221.74,15,1,1,1,0,2026-01-31
101113,2,20,1505.73,15,0,1,1,0,2026-02-28
101113,3,32,1031.35,11,0,0,1,1,2026-03-31
101113,4,16,493.33,14,0,0,1,0,2026-04-30
101113,5,18,877.66,15,0,1,1,1,2026-05-31
101113,6,29,2892.72,12,1,0,0,1,2026-06-30
101114,1,5,641.72,11,1,0,1,0,2026-01-31
101114,2,7,226.74,8,1,0,0,0,2026-02-28
101114,3,8,1091.1,18,0,0,0,1,2026-03-31
101114,4,8,763.02,11,1,0,1,0,2026-04-30
101114,5,6,127.35,18,0,0,0,0,2026-05-31
101114,6,4,526.0,6,1,0,1,1,2026-06-30
101115,1,21,627.91,9,0,0,1,1,2026-01-31
101115,2,10,392.08,8,0,0,1,0,2026-02-28
101115,3,12,779.75,9,0,0,0,1,2026-03-31
101115,4,24,1814.69,10,1,1,0,0,2026-04-30
101115,5,15,1161.71,7,0,0,0,0,2026-05-31
101115,6,21,2285.39,13,1,0,0,0,2026-06-30
101116,1,7,1047.37,8,0,0,1,1,2026-01-31
101116,2,11,422.07,4,0,0,0,1,2026-02-28
101116,3,5,639.88,13,1,0,0,0,2026-03-31
101116,4,6,480.04,18,0,0,1,0,2026-04-30
101116,5,7,691.24,13,0,0,0,0,2026-05-31
101116,6,11,1034.02,8,1,1,1,0,2026-06-30
101117,1,21,1343.24,16,0,1,1,0,2026-01-31
101117,2,15,1362.44,15,1,0,0,0,2026-02-28
101117,3,20,2807.8,9,2,1,1,0,2026-03-31
101117,4,18,2541.05,9,0,0,1,0,2026-04-30
101117,5,11,1447.74,17,0,0,1,0,2026-05-31
101117,6,11,715.67,14,0,0,1,0,2026-06-30
101118,1,7,885.33,11,1,1,1,0,2026-01-31
101118,2,8,364.77,11,3,1,1,1,2026-02-28
101118,3,6,433.36,6,2,1,1,1,2026-03-31
101118,4,9,540.98,4,1,0,1,0,2026-04-30
101118,5,4,90.47,18,0,1,0,1,2026-05-31
101118,6,4,392.11,10,0,1,1,1,2026-06-30
101119,1,28,790.51,7,0,0,1,0,2026-01-31
101119,2,14,1228.18,12,0,0,1,0,2026-02-28
101119,3,11,309.03,8,0,0,1,0,2026-03-31
101119,4,17,751.41,12,1,0,1,0,2026-04-30
101119,5,27,975.69,15,0,0,0,1,2026-05-31
101119,6,19,830.2,17,0,0,1,0,2026-06-30
101120,1,13,1092.68,4,0,0,1,1,2026-01-31
101120,2,16,1369.93,10,2,0,0,1,2026-02-28
101120,3,14,896.86,11,0,0,1,0,2026-03-31
101120,4,18,1100.69,7,0,0,1,0,2026-04-30
101120,5,17,1877.59,13,3,0,1,0,2026-05-31
101120,6,21,493.23,15,0,1,1,0,2026-06-30
101121,1,11,898.8,16,0,0,0,0,2026-01-31
101121,2,9,607.63,6,0,0,1,1,2026-02-28
101121,3,9,867.55,10,0,1,1,0,2026-03-31
101121,4,7,164.63,12,0,1,1,1,2026-04-30
101121,5,9,420.31,7,0,0,1,0,2026-05-31
101121,6,5,104.01,10,1,1,1,0,2026-06-30
101122,1,14,1085.49,15,1,0,1,0,2026-01-31
101122,2,19,769.68,6,2,1,1,0,2026-02-28
101122,3,13,522.61,6,0,0,1,0,2026-03-31
101122,4,12,911.81,14,1,1,1,0,2026-04-30
101122,5,17,1376.22,6,0,1,1,1,2026-05-31
101122,6,12,1169.83,8,1,1,1,0,2026-06-30
101123,1,7,979.87,12,0,1,1,1,2026-01-31
101123,2,15,727.89,7,0,0,1,0,2026-02-28
101123,3,12,1020.22,6,0,0,0,0,2026-03-31
101123,4,8,257.66,17,0,0,0,0,2026-04-30
101123,5,7,734.42,15,1,0,1,0,2026-05-31
101123,6,15,738.7,21,0,0,0,1,2026-06-30
101124,1,16,2285.09,26,0,1,0,0,2026-01-31
101124,2,17,1078.65,8,1,1,1,0,2026-02-28
101124,3,22,2489.81,9,0,1,1,0,2026-03-31
101124,4,20,489.95,19,0,1,0,0,2026-04-30
101124,5,10,864.81,9,1,0,1,0,2026-05-31
101124,6,12,1141.82,12,0,0,1,0,2026-06-30
101125,1,15,2222.04,14,2,0,1,0,2026-01-31
101125,2,18,2598.21,15,0,0,1,0,2026-02-28
101125,3,11,867.81,13,0,0,0,0,2026-03-31
101125,4,15,2139.48,13,0,0,1,0,2026-04-30
101125,5,16,838.7,18,0,0,1,0,2026-05-31
101125,6,12,971.49,13,0,0,0,0,2026-06-30
101126,1,25,3302.66,24,0,1,1,1,2026-01-31
101126,2,14,1478.31,12,0,0,1,0,2026-02-28
101126,3,11,738.58,8,0,1,0,0,2026-03-31
101126,4,19,1488.66,8,1,0,0,0,2026-04-30
101126,5,18,1650.31,12,0,0,0,0,2026-05-31
101126,6,20,1857.63,12,0,0,0,0,2026-06-30
101127,1,6,727.42,15,0,1,1,0,2026-01-31
101127,2,3,131.51,4,1,0,1,0,2026-02-28
101127,3,5,392.62,13,0,1,1,0,2026-03-31
101127,4,3,152.44,13,0,0,1,0,2026-04-30
101127,5,6,751.55,13,1,0,1,0,2026-05-31
101127,6,6,332.71,26,0,1,1,0,2026-06-30
101128,1,9,646.2,7,0,0,0,0,2026-01-31
101128,2,8,594.57,18,0,1,1,0,2026-02-28
101128,3,10,657.97,15,0,1,1,0,2026-03-31
101128,4,11,643.89,12,0,1,1,0,2026-04-30
101128,5,10,230.07,16,1,0,1,1,2026-05-31
101128,6,9,566.74,15,1,0,0,0,2026-06-30
101129,1,26,2662.69,9,1,1,1,0,2026-01-31
101129,2,25,1422.62,17,2,0,0,0,2026-02-28
101129,3,21,2131.21,16,1,0,1,1,2026-03-31
101129,4,14,612.73,11,0,0,0,0,2026-04-30
101129,5,13,1514.72,12,0,0,1,0,2026-05-31
101129,6,19,2719.95,11,1,0,1,0,2026-06-30
101130,1,25,3611.76,9,0,1,1,1,2026-01-31
101130,2,16,416.63,9,0,0,1,0,2026-02-28
101130,3,24,2472.82,10,1,1,0,0,2026-03-31
101130,4,21,3028.03,16,0,0,0,0,2026-04-30
101130,5,19,806.64,22,0,1,1,0,2026-05-31
101130,6,28,922.33,11,0,0,1,0,2026-06-30
101131,1,17,1415.24,12,0,0,1,0,2026-01-31
101131,2,13,1422.63,9,0,0,1,0,2026-02-28
101131,3,13,543.06,20,1,0,1,0,2026-03-31
101131,4,7,388.69,11,0,1,1,0,2026-04-30
101131,5,14,1817.94,10,0,1,0,0,2026-05-31
101131,6,10,727.18,17,0,1,1,0,2026-06-30
101132,1,13,1050.44,12,1,0,0,1,2026-01-31
101132,2,11,1171.49,8,1,0,1,0,2026-02-28
101132,3,8,606.73,8,1,0,1,0,2026-03-31
101132,4,6,705.17,17,0,1,0,0,2026-04-30
101132,5,13,1490.44,9,0,1,1,0,2026-05-31
101132,6,10,1235.66,2,2,0,1,0,2026-06-30
101133,1,8,1005.22,6,0,0,1,0,2026-01-31
101133,2,16,2171.6,17,0,1,1,1,2026-02-28
101133,3,9,543.29,16,0,1,0,0,2026-03-31
101133,4,13,1805.44,13,1,0,0,0,2026-04-30
101133,5,13,654.33,14,0,1,1,0,2026-05-31
101133,6,18,1651.72,7,0,0,1,0,2026-06-30
101134,1,24,575.18,17,0,0,1,0,2026-01-31
101134,2,12,773.79,7,0,1,1,1,2026-02-28
101134,3,17,2288.47,15,0,0,1,0,2026-03-31
101134,4,27,2412.69,10,0,1,0,0,2026-04-30
101134,5,19,1303.1,11,0,0,0,0,2026-05-31
101134,6,15,2195.22,12,0,1,1,0,2026-06-30
101135,1,14,361.98,12,0,1,1,0,2026-01-31
101135,2,10,236.21,8,1,1,0,1,2026-02-28
101135,3,12,1758.53,17,0,0,1,1,2026-03-31
101135,4,7,806.9,3,0,0,0,0,2026-04-30
101135,5,14,2010.73,9,0,0,1,0,2026-05-31
101135,6,14,1046.63,12,1,1,1,0,2026-06-30
101136,1,4,87.32,10,0,0,1,0,2026-01-31
101136,2,2,202.76,13,0,1,1,0,2026-02-28
101136,3,2,224.31,21,1,0,0,0,2026-03-31
101136,4,5,156.96,12,0,1,1,0,2026-04-30
101136,5,5,635.58,7,0,0,0,1,2026-05-31
101136,6,5,345.94,9,1,0,1,0,2026-06-30
101137,1,9,728.21,11,0,0,1,0,2026-01-31
101137,2,6,400.9,8,0,1,1,1,2026-02-28
101137,3,9,443.29,15,0,1,0,0,2026-03-31
101137,4,5,200.5,17,0,0,1,0,2026-04-30
101137,5,6,122.91,10,0,1,0,0,2026-05-31
101137,6,8,615.42,14,1,1,1,0,2026-06-30
101138,1,20,1999.43,6,0,1,0,0,2026-01-31
101138,2,12,987.41,9,0,0,1,0,2026-02-28
101138,3,17,419.21,15,1,1,1,1,2026-03-31
101138,4,15,1448.95,8,1,1,1,0,2026-04-30
101138,5,8,289.16,10,3,0,0,0,2026-05-31
101138,6,13,1215.84,11,0,1,1,0,2026-06-30
101139,1,10,905.21,6,1,0,1,0,2026-01-31
101139,2,10,434.02,13,0,0,1,0,2026-02-28
101139,3,7,792.27,15,0,0,1,0,2026-03-31
101139,4,9,1015.43,6,1,0,0,0,2026-04-30
101139,5,6,597.31,9,1,0,1,1,2026-05-31
101139,6,4,530.25,14,0,0,1,0,2026-06-30
101140,1,15,1025.4,5,0,0,0,0,2026-01-31
101140,2,10,418.04,4,0,0,1,0,2026-02-28
101140,3,18,2170.75,14,1,1,1,0,2026-03-31
101140,4,16,1042.85,9,0,1,0,0,2026-04-30
101140,5,14,1797.86,16,1,1,1,0,2026-05-31
101140,6,21,1578.89,13,0,1,1,0,2026-06-30
101141,1,11,1606.44,24,1,0,1,0,2026-01-31
101141,2,7,467.76,18,0,1,0,0,2026-02-28
101141,3,9,299.69,10,1,0,1,0,2026-03-31
101141,4,7,646.39,9,0,1,1,0,2026-04-30
101141,5,9,1036.1,8,0,1,1,0,2026-05-31
101141,6,11,1112.21,1,0,0,1,0,2026-06-30
101142,1,7,377.66,12,2,0,0,0,2026-01-31
101142,2,13,482.8,13,0,0,1,1,2026-02-28
101142,3,15,340.39,9,0,1,1,0,2026-03-31
101142,4,7,991.36,10,0,1,1,0,2026-04-30
101142,5,11,1438.01,20,1,1,1,0,2026-05-31
101142,6,8,331.52,14,0,0,1,0,2026-06-30
101143,1,9,883.98,12,1,0,0,0,2026-01-31
101143,2,18,1706.06,15,0,0,0,1,2026-02-28
101143,3,18,1173.83,2,0,0,1,0,2026-03-31
101143,4,14,1170.61,7,1,0,0,0,2026-04-30
101143,5,22,3042.63,16,1,1,1,1,2026-05-31
101143,6,8,736.89,10,0,0,1,0,2026-06-30
101144,1,14,1558.28,9,0,1,1,1,2026-01-31
101144,2,20,1253.91,14,1,0,1,0,2026-02-28
101144,3,10,1192.16,16,0,0,0,0,2026-03-31
101144,4,16,1712.11,11,0,0,1,0,2026-04-30
101144,5,16,608.99,12,0,1,0,0,2026-05-31
101144,6,10,1219.52,19,0,0,1,0,2026-06-30
101145,1,3,359.15,16,1,0,1,0,2026-01-31
101145,2,6,852.61,16,0,1,1,1,2026-02-28
101145,3,6,187.55,11,0,1,1,1,2026-03-31
101145,4,7,955.37,9,0,0,1,0,2026-04-30
101145,5,6,582.2,8,1,0,1,0,2026-05-31
101145,6,5,534.95,15,1,0,0,0,2026-06-30
101146,1,11,1153.62,9,0,0,0,0,2026-01-31
101146,2,14,1359.38,3,0,0,1,0,2026-02-28
101146,3,11,869.71,17,0,0,1,1,2026-03-31
101146,4,22,807.47,18,1,0,0,0,2026-04-30
101146,5,12,914.88,11,0,1,1,0,2026-05-31
101146,6,15,987.52,7,0,0,1,0,2026-06-30
101147,1,14,739.13,15,0,0,0,0,2026-01-31
101147,2,22,1162.7,3,0,0,0,0,2026-02-28
101147,3,10,1417.44,5,0,0,0,0,2026-03-31
101147,4,21,1248.63,18,0,1,0,0,2026-04-30
101147,5,22,1721.94,12,0,0,0,0,2026-05-31
101147,6,12,1507.14,6,0,0,1,0,2026-06-30
101148,1,29,608.65,9,0,0,0,0,2026-01-31
101148,2,16,2290.32,8,0,1,0,0,2026-02-28
101148,3,21,961.65,17,1,1,0,0,2026-03-31
101148,4,22,600.5,10,1,0,1,0,2026-04-30
101148,5,26,658.34,10,0,0,1,0,2026-05-31
101148,6,20,1477.08,10,0,0,1,0,2026-06-30
101149,1,6,329.01,11,0,1,1,0,2026-01-31
101149,2,3,331.13,7,0,0,0,0,2026-02-28
101149,3,5,612.94,4,2,0,1,0,2026-03-31
101149,4,5,517.79,9,0,0,1,0,2026-04-30
101149,5,4,586.31,12,0,1,1,0,2026-05-31
101149,6,4,249.52,8,1,1,1,0,2026-06-30
101150,1,10,1133.28,7,1,0,0,0,2026-01-31
101150,2,14,592.79,13,1,0,0,0,2026-02-28
101150,3,10,1292.82,9,0,0,1,0,2026-03-31
101150,4,14,1057.81,13,2,1,0,0,2026-04-30
101150,5,12,291.44,7,0,1,0,0,2026-05-31
101150,6,20,750.62,10,0,1,0,1,2026-06-30
101151,1,13,1561.87,7,0,0,1,0,2026-01-31
101151,2,6,829.27,9,2,0,1,0,2026-02-28
101151,3,8,365.84,10,1,1,1,1,2026-03-31
101151,4,13,491.53,12,1,0,0,0,2026-04-30
101151,5,10,879.49,12,1,0,0,0,2026-05-31
101151,6,12,1165.6,11,0,0,1,0,2026-06-30
101152,1,6,532.95,6,0,1,1,1,2026-01-31
101152,2,7,1017.24,6,0,0,1,1,2026-02-28
101152,3,10,1058.29,14,0,1,1,1,2026-03-31
101152,4,11,788.63,23,1,0,1,0,2026-04-30
101152,5,14,453.18,13,2,1,0,1,2026-05-31
101152,6,13,1532.6,3,0,1,1,0,2026-06-30
101153,1,6,877.93,17,2,0,1,0,2026-01-31
101153,2,7,737.46,13,0,1,1,0,2026-02-28
101153,3,7,729.67,15,0,0,1,0,2026-03-31
101153,4,5,271.34,16,0,0,1,0,2026-04-30
101153,5,7,870.23,6,0,0,0,1,2026-05-31
101153,6,3,443.49,12,0,1,1,1,2026-06-30
101154,1,22,450.41,16,0,1,0,0,2026-01-31
101154,2,14,395.8,14,0,0,1,0,2026-02-28
101154,3,14,2019.33,7,1,0,1,0,2026-03-31
101154,4,14,954.15,16,1,0,1,0,2026-04-30
101154,5,15,1997.29,19,0,1,1,0,2026-05-31
101154,6,20,1377.99,14,0,1,0,0,2026-06-30
101155,1,12,309.18,9,2,0,1,0,2026-01-31
101155,2,11,404.41,6,0,1,1,0,2026-02-28
101155,3,9,612.0,22,1,0,1,0,2026-03-31
101155,4,8,1014.51,12,0,0,1,0,2026-04-30
101155,5,10,583.39,15,0,1,1,0,2026-05-31
101155,6,10,571.62,10,0,1,0,1,2026-06-30
101156,1,16,2221.75,14,0,0,1,1,2026-01-31
101156,2,16,1589.53,16,1,1,0,0,2026-02-28
101156,3,12,1225.78,12,1,0,0,0,2026-03-31
101156,4,14,1529.19,12,0,0,1,0,2026-04-30
101156,5,10,1364.69,15,2,1,0,0,2026-05-31
101156,6,12,725.81,11,0,0,1,0,2026-06-30
101157,1,10,776.94,6,1,0,1,0,2026-01-31
101157,2,16,2202.72,14,2,0,1,0,2026-02-28
101157,3,17,2408.27,12,0,0,0,0,2026-03-31
101157,4,14,332.58,10,1,0,0,0,2026-04-30
101157,5,16,1925.84,11,0,0,1,0,2026-05-31
101157,6,11,1424.29,3,1,0,1,0,2026-06-30
101158,1,14,333.12,13,0,0,0,0,2026-01-31
101158,2,12,1784.88,7,2,0,1,0,2026-02-28
101158,3,13,1081.99,6,0,0,0,1,2026-03-31
101158,4,6,181.54,11,0,1,1,0,2026-04-30
101158,5,11,956.46,9,0,0,0,0,2026-05-31
101158,6,9,356.83,5,1,0,1,1,2026-06-30
101159,1,8,874.91,14,0,0,1,0,2026-01-31
101159,2,5,416.63,21,0,0,1,0,2026-02-28
101159,3,4,354.16,21,2,0,1,0,2026-03-31
101159,4,8,468.71,6,0,0,1,1,2026-04-30
101159,5,4,363.87,10,1,0,1,0,2026-05-31
101159,6,8,731.45,12,0,1,1,0,2026-06-30
101160,1,11,1398.54,14,0,1,0,0,2026-01-31
101160,2,15,1818.74,9,2,0,1,0,2026-02-28
101160,3,8,972.76,6,1,0,1,0,2026-03-31
101160,4,18,1845.67,6,0,0,1,0,2026-04-30
101160,5,8,441.21,7,0,1,1,0,2026-05-31
101160,6,16,871.43,11,0,0,0,0,2026-06-30
101161,1,12,1631.29,5,1,0,1,0,2026-01-31
101161,2,6,802.37,14,0,1,0,0,2026-02-28
101161,3,6,500.78,11,1,0,1,0,2026-03-31
101161,4,11,895.66,11,0,1,0,0,2026-04-30
101161,5,15,926.02,12,1,1,1,1,2026-05-31
101161,6,15,1236.96,9,0,0,1,0,2026-06-30
101162,1,9,1030.19,11,1,0,1,0,2026-01-31
101162,2,10,1238.18,17,1,1,1,0,2026-02-28
101162,3,13,1597.1,15,0,1,1,1,2026-03-31
101162,4,8,926.51,11,0,1,1,0,2026-04-30
101162,5,9,644.16,8,0,0,1,1,2026-05-31
101162,6,8,451.16,20,0,1,0,0,2026-06-30
101163,1,7,616.67,9,0,0,1,0,2026-01-31
101163,2,8,675.41,14,1,0,1,0,2026-02-28
101163,3,9,370.94,8,0,1,0,0,2026-03-31
101163,4,7,991.32,13,0,0,1,0,2026-04-30
101163,5,13,1127.09,11,0,0,0,0,2026-05-31
101163,6,11,1123.26,6,0,1,0,0,2026-06-30
101164,1,18,1641.67,9,0,0,0,1,2026-01-31
101164,2,17,2170.54,13,0,1,1,0,2026-02-28
101164,3,7,201.2,11,0,1,1,1,2026-03-31
101164,4,13,1396.45,10,0,0,0,0,2026-04-30
101164,5,15,984.6,17,0,0,0,0,2026-05-31
101164,6,8,173.99,21,0,0,1,0,2026-06-30
101165,1,9,361.03,6,0,0,1,0,2026-01-31
101165,2,22,582.94,7,0,1,0,0,2026-02-28
101165,3,21,1620.87,12,0,0,0,0,2026-03-31
101165,4,20,657.73,12,0,0,1,1,2026-04-30
101165,5,23,1847.84,10,0,0,1,0,2026-05-31
101165,6,19,937.59,18,1,1,1,0,2026-06-30
101166,1,4,402.96,7,1,1,1,0,2026-01-31
101166,2,8,980.51,9,0,0,1,0,2026-02-28
101166,3,5,550.97,13,0,0,1,0,2026-03-31
101166,4,7,816.83,23,1,1,1,1,2026-04-30
101166,5,10,1338.41,11,0,0,0,0,2026-05-31
101166,6,6,634.04,13,0,1,0,0,2026-06-30
101167,1,15,696.17,8,1,0,1,0,2026-01-31
101167,2,14,382.06,7,0,0,1,0,2026-02-28
101167,3,12,263.99,14,0,0,1,0,2026-03-31
101167,4,13,1124.93,12,0,0,0,0,2026-04-30
101167,5,13,632.59,8,0,1,1,0,2026-05-31
101167,6,9,984.64,11,0,0,1,0,2026-06-30
101168,1,22,2198.77,14,1,0,0,0,2026-01-31
101168,2,28,3600.41,17,1,0,1,0,2026-02-28
101168,3,13,1909.09,14,1,1,0,0,2026-03-31
101168,4,23,2812.88,16,0,1,1,0,2026-04-30
101168,5,20,1485.55,21,0,1,0,1,2026-05-31
101168,6,23,2555.4,9,0,1,1,1,2026-06-30
101169,1,13,1677.72,11,0,1,1,0,2026-01-31
101169,2,10,238.5,15,1,0,1,0,2026-02-28
101169,3,10,1253.93,5,0,1,1,0,2026-03-31
101169,4,15,1978.01,12,0,1,0,0,2026-04-30
101169,5,13,573.71,7,2,0,1,0,2026-05-31
101169,6,13,574.74,7,3,0,1,0,2026-06-30
101170,1,2,246.46,18,0,0,1,0,2026-01-31
101170,2,3,157.24,17,0,0,0,1,2026-02-28
101170,3,5,583.83,13,0,0,1,0,2026-03-31
101170,4,4,373.18,4,1,0,1,1,2026-04-30
101170,5,2,113.26,17,1,0,0,1,2026-05-31
101170,6,5,358.38,12,0,0,0,0,2026-06-30
101171,1,18,1918.26,14,0,1,1,0,2026-01-31
101171,2,16,1154.9,14,1,1,1,0,2026-02-28
101171,3,9,1152.83,8,0,0,1,0,2026-03-31
101171,4,8,310.84,10,0,0,1,0,2026-04-30
101171,5,13,1914.17,9,0,0,1,0,2026-05-31
101171,6,15,1203.56,16,0,1,1,1,2026-06-30
101172,1,18,614.72,8,0,0,0,0,2026-01-31
101172,2,11,944.37,9,0,0,1,1,2026-02-28
101172,3,12,944.55,5,0,0,1,0,2026-03-31
101172,4,12,1102.84,8,0,0,1,0,2026-04-30
101172,5,13,548.93,12,0,0,0,0,2026-05-31
101172,6,21,1288.39,4,0,1,0,0,2026-06-30
101173,1,9,683.57,13,0,1,1,0,2026-01-31
101173,2,10,460.54,10,0,1,0,0,2026-02-28
101173,3,7,249.8,12,0,1,0,0,2026-03-31
101173,4,7,228.39,17,1,0,1,0,2026-04-30
101173,5,4,111.3,16,0,1,1,1,2026-05-31
101173,6,7,458.57,16,2,0,1,0,2026-06-30
101174,1,12,336.03,11,0,0,0,1,2026-01-31
101174,2,22,3038.19,15,0,0,1,0,2026-02-28
101174,3,30,3418.74,8,0,1,1,0,2026-03-31
101174,4,23,3197.74,5,0,1,0,0,2026-04-30
101174,5,14,1980.48,16,0,0,1,0,2026-05-31
101174,6,25,2675.82,6,0,0,1,0,2026-06-30
101175,1,9,754.45,17,1,0,1,1,2026-01-31
101175,2,15,838.31,11,0,1,1,0,2026-02-28
101175,3,13,272.61,12,1,1,1,0,2026-03-31
101175,4,18,2377.76,7,0,1,1,0,2026-04-30
101175,5,9,526.62,7,1,0,1,0,2026-05-31
101175,6,16,2283.52,21,0,1,0,0,2026-06-30
101176,1,23,1278.08,13,0,1,0,0,2026-01-31
101176,2,28,1288.05,10,0,0,1,0,2026-02-28
101176,3,29,2668.2,14,1,0,0,0,2026-03-31
101176,4,26,1907.32,7,0,0,0,0,2026-04-30
101176,5,36,5066.02,15,0,1,1,0,2026-05-31
101176,6,34,5092.86,4,1,0,1,0,2026-06-30
101177,1,3,353.97,10,2,0,1,1,2026-01-31
101177,2,2,243.11,11,0,1,1,1,2026-02-28
101177,3,2,187.56,9,0,1,1,0,2026-03-31
101177,4,4,394.96,10,0,1,1,0,2026-04-30
101177,5,3,271.98,16,0,0,1,0,2026-05-31
101177,6,4,576.27,15,1,1,0,0,2026-06-30
101178,1,14,586.46,13,0,0,1,0,2026-01-31
101178,2,16,325.08,10,0,0,1,0,2026-02-28
101178,3,16,1496.75,14,1,0,0,0,2026-03-31
101178,4,18,1302.85,7,0,1,1,0,2026-04-30
101178,5,21,2354.99,9,0,1,1,0,2026-05-31
101178,6,14,1052.22,23,0,1,1,0,2026-06-30
101179,1,23,677.03,14,0,0,1,0,2026-01-31
101179,2,16,1237.65,10,0,0,0,0,2026-02-28
101179,3,25,978.81,10,0,1,0,0,2026-03-31
101179,4,26,1635.77,15,0,0,0,0,2026-04-30
101179,5,17,1534.45,9,0,0,1,0,2026-05-31
101179,6,14,1105.11,21,0,0,1,0,2026-06-30
101180,1,11,1474.5,13,1,0,1,0,2026-01-31
101180,2,13,1294.02,11,0,1,1,0,2026-02-28
101180,3,10,1273.85,13,0,0,1,0,2026-03-31
101180,4,5,239.15,13,1,0,1,0,2026-04-30
101180,5,12,437.55,12,0,0,1,0,2026-05-31
101180,6,10,1032.94,25,0,0,1,0,2026-06-30
101181,1,27,3984.16,12,0,0,0,0,2026-01-31
101181,2,34,4599.94,11,1,0,1,0,2026-02-28
101181,3,19,1699.08,8,0,0,1,0,2026-03-31
101181,4,22,994.5,10,0,1,0,0,2026-04-30
101181,5,34,3978.37,6,0,0,0,0,2026-05-31
101181,6,17,1491.14,13,0,0,1,0,2026-06-30
101182,1,26,2259.82,11,0,1,1,0,2026-01-31
101182,2,25,3108.42,6,0,0,1,0,2026-02-28
101182,3,15,493.82,6,1,1,1,0,2026-03-31
101182,4,25,599.09,10,1,0,1,0,2026-04-30
101182,5,28,1813.78,19,0,0,1,0,2026-05-31
101182,6,19,928.63,15,1,1,1,0,2026-06-30
101183,1,8,1000.47,16,1,0,1,0,2026-01-31
101183,2,16,1514.16,10,0,0,1,0,2026-02-28
101183,3,17,783.4,9,0,0,0,1,2026-03-31
101183,4,8,246.79,12,0,1,1,1,2026-04-30
101183,5,15,1827.18,16,0,0,1,0,2026-05-31
101183,6,18,691.06,12,1,0,1,1,2026-06-30
101184,1,14,1769.21,10,1,0,0,1,2026-01-31
101184,2,13,401.15,7,1,0,0,0,2026-02-28
101184,3,8,207.85,25,0,0,1,1,2026-03-31
101184,4,7,411.37,5,0,0,1,0,2026-04-30
101184,5,10,1363.2,11,0,0,0,0,2026-05-31
101184,6,11,828.61,12,0,0,1,0,2026-06-30
101185,1,11,392.76,13,0,0,1,0,2026-01-31
101185,2,18,2580.74,9,0,1,1,0,2026-02-28
101185,3,26,1575.94,4,1,1,0,0,2026-03-31
101185,4,18,1474.72,16,0,0,1,0,2026-04-30
101185,5,26,2615.59,17,0,0,1,0,2026-05-31
101185,6,27,3286.67,8,1,0,1,0,2026-06-30
101186,1,15,1456.06,11,2,0,1,0,2026-01-31
101186,2,15,947.8,10,1,1,1,0,2026-02-28
101186,3,20,1282.16,12,1,1,0,0,2026-03-31
101186,4,12,632.13,10,0,0,1,0,2026-04-30
101186,5,21,1792.96,8,0,0,1,1,2026-05-31
101186,6,17,1303.63,8,0,0,1,0,2026-06-30
101187,1,4,565.4,7,1,1,1,0,2026-01-31
101187,2,5,125.57,19,0,0,0,0,2026-02-28
101187,3,7,644.77,13,1,0,1,1,2026-03-31
101187,4,7,707.85,8,1,1,1,0,2026-04-30
101187,5,8,459.43,12,0,0,1,0,2026-05-31
101187,6,6,301.31,10,0,1,1,0,2026-06-30
101188,1,14,865.67,22,1,0,0,0,2026-01-31
101188,2,20,2100.58,15,1,0,1,1,2026-02-28
101188,3,19,427.54,19,0,0,0,0,2026-03-31
101188,4,9,1265.34,8,1,0,1,0,2026-04-30
101188,5,13,971.56,14,2,0,1,1,2026-05-31
101188,6,9,227.28,20,0,1,1,0,2026-06-30
101189,1,7,254.76,6,0,1,0,0,2026-01-31
101189,2,9,1180.39,10,0,0,1,0,2026-02-28
101189,3,8,283.42,12,0,0,1,0,2026-03-31
101189,4,11,601.79,6,0,0,1,0,2026-04-30
101189,5,9,205.35,10,0,0,1,0,2026-05-31
101189,6,10,1023.21,11,1,1,1,0,2026-06-30
101190,1,10,362.39,6,1,1,0,0,2026-01-31
101190,2,11,391.41,9,1,0,1,1,2026-02-28
101190,3,6,789.97,14,0,1,1,0,2026-03-31
101190,4,10,1082.52,10,0,1,1,0,2026-04-30
101190,5,4,399.3,16,1,0,0,1,2026-05-31
101190,6,8,364.95,14,1,0,1,1,2026-06-30
101191,1,9,403.68,8,1,0,1,0,2026-01-31
101191,2,5,568.02,20,0,0,1,1,2026-02-28
101191,3,9,394.48,17,0,0,1,0,2026-03-31
101191,4,6,145.54,16,0,1,1,1,2026-04-30
101191,5,5,718.48,6,1,0,1,0,2026-05-31
101191,6,4,532.13,12,0,0,1,0,2026-06-30
101192,1,28,1673.99,7,0,0,1,0,2026-01-31
101192,2,24,2143.57,11,2,0,1,0,2026-02-28
101192,3,16,390.03,12,0,0,0,1,2026-03-31
101192,4,27,1009.06,7,0,0,1,1,2026-04-30
101192,5,32,2521.36,11,0,1,0,0,2026-05-31
101192,6,25,3743.86,16,0,0,1,0,2026-06-30
101193,1,19,421.85,10,0,1,0,0,2026-01-31
101193,2,13,614.72,11,0,0,1,0,2026-02-28
101193,3,21,1477.6,13,1,1,1,0,2026-03-31
101193,4,14,1641.45,8,0,0,1,0,2026-04-30
101193,5,18,1562.42,5,1,0,1,0,2026-05-31
101193,6,19,2705.94,9,0,1,1,0,2026-06-30
101194,1,10,752.94,6,0,1,1,0,2026-01-31
101194,2,10,222.44,20,1,1,0,0,2026-02-28
101194,3,17,1385.87,13,1,0,0,0,2026-03-31
101194,4,18,755.28,15,2,1,1,0,2026-04-30
101194,5,14,1681.21,15,1,0,1,0,2026-05-31
101194,6,13,994.1,15,1,0,1,0,2026-06-30
101195,1,21,2043.9,13,0,0,0,0,2026-01-31
101195,2,22,2926.16,10,0,1,1,0,2026-02-28
101195,3,15,733.29,10,0,1,0,1,2026-03-31
101195,4,16,658.6,20,0,0,1,0,2026-04-30
101195,5,14,1167.25,16,1,0,0,0,2026-05-31
101195,6,24,735.65,7,0,0,1,0,2026-06-30
101196,1,11,1266.79,7,0,0,0,1,2026-01-31
101196,2,27,2182.64,7,0,0,0,0,2026-02-28
101196,3,18,1702.44,7,0,0,1,0,2026-03-31
101196,4,14,1954.78,16,0,0,1,0,2026-04-30
101196,5,16,2095.03,8,2,0,1,0,2026-05-31
101196,6,21,1064.36,15,1,0,1,0,2026-06-30
101197,1,20,2126.43,10,1,1,0,0,2026-01-31
101197,2,13,916.76,6,0,1,0,0,2026-02-28
101197,3,13,701.72,13,1,1,0,0,2026-03-31
101197,4,11,1103.25,14,0,1,1,0,2026-04-30
101197,5,23,713.63,10,0,0,1,0,2026-05-31
101197,6,12,515.63,2,1,0,1,0,2026-06-30
101198,1,5,342.3,9,0,1,1,1,2026-01-31
101198,2,7,638.58,11,1,0,1,0,2026-02-28
101198,3,9,1027.28,12,1,0,0,0,2026-03-31
101198,4,6,330.18,8,0,1,1,0,2026-04-30
101198,5,8,391.25,7,0,0,1,1,2026-05-31
101198,6,11,1549.84,8,1,1,1,0,2026-06-30
101199,1,15,839.97,10,0,0,1,0,2026-01-31
101199,2,9,600.68,13,0,1,1,0,2026-02-28
101199,3,14,1458.36,11,0,1,0,0,2026-03-31
101199,4,15,408.9,15,0,0,1,0,2026-04-30
101199,5,15,433.23,6,1,1,0,1,2026-05-31
101199,6,14,1691.06,13,0,1,1,0,2026-06-30
101200,1,23,832.09,13,0,1,1,0,2026-01-31
101200,2,23,2447.55,12,0,0,1,0,2026-02-28
101200,3,27,1366.18,8,0,0,1,0,2026-03-31
101200,4,17,515.07,10,1,1,1,0,2026-04-30
101200,5,17,1597.36,8,1,1,1,0,2026-05-31
101200,6,18,1358.46,7,1,0,1,1,2026-06-30
101201,1,17,877.85,17,0,0,1,0,2026-01-31
101201,2,25,907.49,11,0,0,1,0,2026-02-28
101201,3,23,1637.38,19,0,1,0,0,2026-03-31
101201,4,11,853.14,8,0,1,1,1,2026-04-30
101201,5,21,2961.58,21,1,0,1,0,2026-05-31
101201,6,16,1463.01,8,2,0,0,0,2026-06-30
101202,1,10,928.45,18,0,1,1,0,2026-01-31
101202,2,5,461.17,12,1,1,1,0,2026-02-28
101202,3,7,359.57,15,0,1,1,0,2026-03-31
101202,4,9,1126.38,7,0,0,1,0,2026-04-30
101202,5,8,197.52,13,0,1,0,0,2026-05-31
101202,6,4,482.73,15,0,1,1,0,2026-06-30
101203,1,13,562.37,17,0,1,1,0,2026-01-31
101203,2,17,2159.93,10,0,1,1,1,2026-02-28
101203,3,10,409.91,8,0,0,1,0,2026-03-31
101203,4,17,2446.23,8,1,1,1,0,2026-04-30
101203,5,15,1502.41,10,1,0,0,0,2026-05-31
101203,6,16,626.63,10,0,0,1,0,2026-06-30
101204,1,8,670.93,4,0,1,1,0,2026-01-31
101204,2,5,247.4,4,0,1,0,0,2026-02-28
101204,3,10,1169.81,10,0,0,0,0,2026-03-31
101204,4,5,691.36,8,0,0,1,0,2026-04-30
101204,5,7,1007.74,11,1,0,0,0,2026-05-31
101204,6,6,282.82,9,0,1,1,0,2026-06-30
101205,1,13,933.48,4,0,0,1,0,2026-01-31
101205,2,21,1845.45,10,0,1,1,0,2026-02-28
101205,3,10,289.26,8,1,1,0,0,2026-03-31
101205,4,10,421.62,7,0,1,0,0,2026-04-30
101205,5,9,1183.86,8,0,0,0,0,2026-05-31
101205,6,21,537.08,10,0,1,1,1,2026-06-30
101206,1,11,1091.1,19,1,1,1,0,2026-01-31
101206,2,12,1751.37,23,1,0,1,1,2026-02-28
101206,3,20,747.91,12,0,1,1,0,2026-03-31
101206,4,10,1017.51,7,0,1,0,0,2026-04-30
101206,5,17,2144.38,11,0,1,0,0,2026-05-31
101206,6,15,1348.33,8,0,0,0,0,2026-06-30
101207,1,18,1194.89,12,0,1,1,0,2026-01-31
101207,2,27,2500.43,19,0,0,0,0,2026-02-28
101207,3,23,3240.69,10,0,1,0,0,2026-03-31
101207,4,17,1828.42,15,0,1,0,1,2026-04-30
101207,5,20,1542.86,12,0,0,1,0,2026-05-31
101207,6,19,1576.04,9,0,1,1,0,2026-06-30
101208,1,10,785.72,7,2,1,1,0,2026-01-31
101208,2,12,1334.88,6,1,1,1,0,2026-02-28
101208,3,13,878.79,13,0,0,1,0,2026-03-31
101208,4,9,553.41,12,0,1,1,0,2026-04-30
101208,5,8,430.88,14,0,1,0,0,2026-05-31
101208,6,11,1508.33,6,2,0,1,1,2026-06-30
101209,1,4,449.13,5,0,1,0,1,2026-01-31
101209,2,6,636.41,7,0,1,0,0,2026-02-28
101209,3,5,335.4,13,1,0,1,0,2026-03-31
101209,4,8,943.4,13,0,0,1,1,2026-04-30
101209,5,7,1031.14,9,0,1,1,0,2026-05-31
101209,6,9,1149.29,5,0,1,1,1,2026-06-30
101210,1,11,314.76,13,1,0,0,0,2026-01-31
101210,2,10,660.89,15,0,1,1,0,2026-02-28
101210,3,12,1200.21,9,0,0,1,1,2026-03-31
101210,4,5,133.11,12,1,0,1,1,2026-04-30
101210,5,10,690.68,14,0,1,0,1,2026-05-31
101210,6,11,717.89,12,1,0,1,1,2026-06-30
101211,1,12,701.34,12,0,0,0,1,2026-01-31
101211,2,12,321.61,14,2,0,0,0,2026-02-28
101211,3,18,453.71,14,1,0,1,0,2026-03-31
101211,4,15,675.87,6,2,0,1,1,2026-04-30
101211,5,9,1090.43,13,1,0,1,0,2026-05-31
101211,6,16,1240.03,19,0,1,0,0,2026-06-30
101212,1,15,1517.09,6,0,0,1,0,2026-01-31
101212,2,18,2137.01,11,0,0,1,0,2026-02-28
101212,3,11,1390.52,5,0,0,1,0,2026-03-31
101212,4,20,1635.91,11,0,1,1,0,2026-04-30
101212,5,14,1941.56,10,0,0,0,0,2026-05-31
101212,6,8,416.64,17,0,1,0,0,2026-06-30
101213,1,17,1585.15,8,1,0,1,0,2026-01-31
101213,2,15,1274.16,7,0,0,1,0,2026-02-28
101213,3,22,3255.8,10,1,0,1,0,2026-03-31
101213,4,19,2789.44,13,0,1,1,0,2026-04-30
101213,5,26,1598.21,14,0,0,0,0,2026-05-31
101213,6,25,1335.64,10,0,0,1,0,2026-06-30
101214,1,10,335.97,11,0,1,1,1,2026-01-31
101214,2,19,639.44,10,0,0,0,1,2026-02-28
101214,3,20,2269.14,22,0,0,1,0,2026-03-31
101214,4,16,485.73,14,1,0,1,0,2026-04-30
101214,5,24,2976.14,9,1,0,1,0,2026-05-31
101214,6,20,967.57,13,0,1,1,0,2026-06-30
101215,1,5,451.57,12,1,1,1,0,2026-01-31
101215,2,7,806.94,8,2,0,0,0,2026-02-28
101215,3,7,327.85,8,0,1,1,0,2026-03-31
101215,4,4,463.35,12,1,1,0,0,2026-04-30
101215,5,8,576.81,12,0,1,1,0,2026-05-31
101215,6,7,369.38,12,1,0,0,0,2026-06-30
101216,1,17,537.37,9,0,1,0,0,2026-01-31
101216,2,9,487.19,6,0,1,1,0,2026-02-28
101216,3,13,1903.15,17,0,0,1,0,2026-03-31
101216,4,15,1901.86,17,1,1,1,1,2026-04-30
101216,5,17,2199.3,18,0,0,1,0,2026-05-31
101216,6,17,2471.33,14,2,0,0,1,2026-06-30
101217,1,11,717.49,11,2,0,0,0,2026-01-31
101217,2,11,1008.99,17,1,1,0,0,2026-02-28
101217,3,14,538.32,9,2,1,1,1,2026-03-31
101217,4,6,666.11,8,0,1,1,0,2026-04-30
101217,5,11,1435.31,12,0,0,0,0,2026-05-31
101217,6,15,997.51,14,0,0,1,0,2026-06-30
101218,1,10,534.93,16,0,0,0,0,2026-01-31
101218,2,20,2788.56,13,0,1,1,1,2026-02-28
101218,3,19,902.43,8,1,0,1,0,2026-03-31
101218,4,17,1604.95,9,0,0,0,1,2026-04-30
101218,5,10,553.92,13,1,0,1,0,2026-05-31
101218,6,12,1379.16,13,0,0,0,1,2026-06-30
101219,1,11,864.12,16,0,1,1,0,2026-01-31
101219,2,4,432.13,17,0,0,1,0,2026-02-28
101219,3,11,812.47,19,1,0,0,0,2026-03-31
101219,4,5,748.69,14,0,1,1,0,2026-04-30
101219,5,8,930.01,13,0,0,0,0,2026-05-31
101219,6,4,344.26,10,0,1,1,0,2026-06-30
101220,1,10,774.76,7,0,1,0,0,2026-01-31
101220,2,14,588.34,12,1,1,1,0,2026-02-28
101220,3,5,476.72,8,1,1,1,0,2026-03-31
101220,4,8,310.45,9,1,0,1,0,2026-04-30
101220,5,8,1190.02,2,0,0,1,1,2026-05-31
101220,6,8,310.49,11,0,0,1,0,2026-06-30
101221,1,15,1366.77,13,1,0,0,0,2026-01-31
101221,2,8,745.49,9,0,1,1,1,2026-02-28
101221,3,12,1730.17,6,0,0,1,0,2026-03-31
101221,4,14,689.39,8,1,1,0,0,2026-04-30
101221,5,17,1862.09,5,0,1,0,1,2026-05-31
101221,6,12,1087.03,12,0,0,0,0,2026-06-30
101222,1,12,1257.71,6,1,0,1,0,2026-01-31
101222,2,7,1030.53,18,3,0,0,0,2026-02-28
101222,3,9,355.47,10,0,1,1,1,2026-03-31
101222,4,14,383.82,21,0,1,1,0,2026-04-30
101222,5,11,633.35,10,1,0,1,0,2026-05-31
101222,6,9,992.41,12,0,0,1,0,2026-06-30
101223,1,9,356.65,9,0,0,1,0,2026-01-31
101223,2,4,365.02,7,0,0,1,0,2026-02-28
101223,3,7,1007.28,7,1,0,1,0,2026-03-31
101223,4,7,959.07,20,2,0,1,1,2026-04-30
101223,5,7,761.62,14,0,1,1,0,2026-05-31
101223,6,8,224.89,9,0,0,0,0,2026-06-30
101224,1,21,2614.03,20,0,0,1,1,2026-01-31
101224,2,15,2182.46,23,0,0,1,0,2026-02-28
101224,3,9,960.2,16,0,0,1,1,2026-03-31
101224,4,18,1953.75,7,1,1,1,0,2026-04-30
101224,5,12,1405.1,10,0,1,1,0,2026-05-31
101224,6,13,550.06,10,0,1,1,0,2026-06-30
101225,1,9,289.19,21,0,0,1,0,2026-01-31
101225,2,8,404.33,10,0,0,0,0,2026-02-28
101225,3,10,1263.26,13,0,1,0,0,2026-03-31
101225,4,5,452.09,16,1,0,1,0,2026-04-30
101225,5,6,800.1,7,0,0,1,1,2026-05-31
101225,6,5,517.48,7,0,1,1,0,2026-06-30
101226,1,17,2105.23,9,0,0,1,0,2026-01-31
101226,2,11,867.31,8,0,0,1,0,2026-02-28
101226,3,23,2204.88,4,0,1,1,0,2026-03-31
101226,4,16,975.24,14,0,1,1,0,2026-04-30
101226,5,12,1051.75,11,0,0,1,0,2026-05-31
101226,6,23,1244.57,14,1,1,1,0,2026-06-30
101227,1,14,1428.24,13,0,1,1,0,2026-01-31
101227,2,21,1754.79,7,0,0,1,0,2026-02-28
101227,3,12,566.59,4,0,0,1,0,2026-03-31
101227,4,17,1414.46,11,2,0,0,1,2026-04-30
101227,5,22,2264.69,12,1,1,1,0,2026-05-31
101227,6,22,575.44,13,0,0,0,0,2026-06-30
101228,1,3,382.77,12,2,0,1,1,2026-01-31
101228,2,7,721.62,17,0,0,1,1,2026-02-28
101228,3,8,558.05,24,1,0,0,0,2026-03-31
101228,4,3,81.63,16,2,0,1,0,2026-04-30
101228,5,8,188.97,15,0,0,1,0,2026-05-31
101228,6,5,304.09,20,0,0,1,0,2026-06-30
101229,1,9,1141.15,14,0,0,1,0,2026-01-31
101229,2,16,1515.72,7,0,0,0,1,2026-02-28
101229,3,14,690.65,16,1,0,1,0,2026-03-31
101229,4,11,1057.16,17,0,0,0,0,2026-04-30
101229,5,15,2134.81,27,2,1,0,0,2026-05-31
101229,6,8,614.44,8,1,1,1,0,2026-06-30
101230,1,13,1470.39,8,2,1,1,0,2026-01-31
101230,2,8,875.6,10,0,0,1,1,2026-02-28
101230,3,8,621.02,6,2,0,1,0,2026-03-31
101230,4,8,922.35,19,0,1,0,1,2026-04-30
101230,5,5,473.88,14,0,0,1,0,2026-05-31
101230,6,11,1096.24,18,0,1,0,0,2026-06-30
101231,1,17,1813.0,7,0,0,0,0,2026-01-31
101231,2,13,1125.03,10,0,1,1,0,2026-02-28
101231,3,22,2680.49,18,0,0,1,0,2026-03-31
101231,4,19,2455.4,13,0,1,1,1,2026-04-30
101231,5,13,1232.97,17,0,0,1,0,2026-05-31
101231,6,22,2785.94,6,0,0,1,0,2026-06-30
101232,1,2,57.89,6,0,0,1,1,2026-01-31
101232,2,2,84.51,13,0,0,1,0,2026-02-28
101232,3,3,174.33,6,0,1,1,1,2026-03-31
101232,4,3,404.22,18,0,1,1,0,2026-04-30
101232,5,3,277.12,11,0,0,1,0,2026-05-31
101232,6,1,87.75,12,0,1,0,0,2026-06-30
101233,1,16,2283.24,19,1,1,1,0,2026-01-31
101233,2,13,864.75,7,1,0,0,0,2026-02-28
101233,3,16,1988.43,8,0,0,1,0,2026-03-31
101233,4,8,368.43,12,0,0,1,0,2026-04-30
101233,5,14,1185.43,4,0,1,1,0,2026-05-31
101233,6,11,426.79,7,0,0,0,0,2026-06-30
101234,1,10,1293.32,14,0,1,0,0,2026-01-31
101234,2,11,529.79,7,1,0,1,0,2026-02-28
101234,3,7,447.9,9,1,0,1,0,2026-03-31
101234,4,8,564.97,10,1,0,1,1,2026-04-30
101234,5,8,308.61,11,0,0,0,0,2026-05-31
101234,6,5,692.99,10,0,0,1,0,2026-06-30
101235,1,7,471.17,6,1,0,0,0,2026-01-31
101235,2,5,421.67,11,1,1,1,0,2026-02-28
101235,3,5,382.25,14,0,0,1,0,2026-03-31
101235,4,4,582.93,9,0,1,0,0,2026-04-30
101235,5,8,635.38,11,1,1,1,1,2026-05-31
101235,6,3,436.32,7,0,1,1,0,2026-06-30
101236,1,18,1324.53,15,0,0,1,0,2026-01-31
101236,2,20,1067.9,6,0,0,1,0,2026-02-28
101236,3,21,608.02,12,1,0,1,0,2026-03-31
101236,4,17,2018.29,15,1,0,0,0,2026-04-30
101236,5,9,936.06,14,0,0,1,0,2026-05-31
101236,6,15,901.75,10,1,0,1,0,2026-06-30
101237,1,8,265.8,5,0,0,1,0,2026-01-31
101237,2,9,517.38,12,1,0,0,0,2026-02-28
101237,3,9,980.99,6,0,1,0,0,2026-03-31
101237,4,9,1295.2,13,0,1,0,1,2026-04-30
101237,5,8,973.55,11,1,1,1,0,2026-05-31
101237,6,10,423.94,8,0,0,0,0,2026-06-30
101238,1,5,267.22,16,0,1,0,0,2026-01-31
101238,2,9,594.05,9,1,1,1,0,2026-02-28
101238,3,9,206.48,16,0,1,0,0,2026-03-31
101238,4,8,810.84,9,2,1,1,0,2026-04-30
101238,5,3,92.97,14,0,0,1,1,2026-05-31
101238,6,4,320.57,4,1,0,0,0,2026-06-30
101239,1,6,409.27,13,0,0,0,0,2026-01-31
101239,2,6,315.14,11,0,0,1,0,2026-02-28
101239,3,3,214.68,6,0,0,1,0,2026-03-31
101239,4,3,370.92,11,1,0,1,0,2026-04-30
101239,5,4,448.11,7,0,0,1,0,2026-05-31
101239,6,2,161.11,7,0,0,0,0,2026-06-30
101240,1,8,1147.66,18,1,1,1,0,2026-01-31
101240,2,9,739.93,10,0,1,1,0,2026-02-28
101240,3,10,870.43,13,0,0,1,1,2026-03-31
101240,4,7,686.71,2,1,1,1,0,2026-04-30
101240,5,5,223.81,11,1,0,1,1,2026-05-31
101240,6,7,380.75,17,0,1,1,0,2026-06-30
101241,1,9,471.51,16,1,0,1,0,2026-01-31
101241,2,13,1719.25,16,1,0,1,1,2026-02-28
101241,3,12,623.49,8,1,0,1,1,2026-03-31
101241,4,8,1173.38,11,1,0,1,0,2026-04-30
101241,5,11,1067.7,11,0,1,1,0,2026-05-31
101241,6,17,1940.67,14,1,0,0,1,2026-06-30
101242,1,6,398.34,15,1,0,1,0,2026-01-31
101242,2,12,1564.57,13,0,0,0,0,2026-02-28
101242,3,12,1103.07,8,0,1,1,1,2026-03-31
101242,4,6,168.42,18,1,0,0,0,2026-04-30
101242,5,5,242.61,15,0,0,1,0,2026-05-31
101242,6,10,1301.22,9,0,1,0,1,2026-06-30
101243,1,10,962.42,5,0,0,0,0,2026-01-31
101243,2,4,148.29,5,0,0,1,0,2026-02-28
101243,3,7,244.76,11,2,1,0,0,2026-03-31
101243,4,5,566.18,31,0,1,1,0,2026-04-30
101243,5,7,981.37,7,0,0,0,0,2026-05-31
101243,6,11,666.21,8,0,1,1,0,2026-06-30
101244,1,8,852.18,10,0,1,1,0,2026-01-31
101244,2,5,724.3,10,0,1,1,0,2026-02-28
101244,3,7,933.22,16,1,0,0,0,2026-03-31
101244,4,4,406.57,11,0,0,1,0,2026-04-30
101244,5,6,799.7,12,0,1,1,0,2026-05-31
101244,6,6,778.66,16,0,0,1,0,2026-06-30
101245,1,27,1629.24,13,1,0,1,0,2026-01-31
101245,2,18,1643.73,11,1,1,1,0,2026-02-28
101245,3,16,1039.32,14,0,0,1,0,2026-03-31
101245,4,13,1643.35,23,1,1,0,0,2026-04-30
101245,5,11,1514.6,16,1,0,0,0,2026-05-31
101245,6,13,1273.49,10,0,1,1,0,2026-06-30
101246,1,34,2716.42,11,0,0,1,0,2026-01-31
101246,2,22,2913.18,6,0,0,1,0,2026-02-28
101246,3,24,1739.14,12,0,0,0,1,2026-03-31
101246,4,14,579.78,15,0,1,1,0,2026-04-30
101246,5,32,2844.83,14,1,1,1,0,2026-05-31
101246,6,29,1842.33,20,1,0,1,0,2026-06-30
101247,1,11,966.85,11,0,0,1,0,2026-01-31
101247,2,10,803.97,9,1,1,0,0,2026-02-28
101247,3,13,1627.43,11,0,1,1,0,2026-03-31
101247,4,8,351.87,8,1,1,1,0,2026-04-30
101247,5,9,777.5,16,1,1,1,1,2026-05-31
101247,6,14,598.96,10,1,1,0,0,2026-06-30
101248,1,3,183.17,17,0,0,1,0,2026-01-31
101248,2,7,301.5,13,1,0,1,0,2026-02-28
101248,3,7,149.34,12,1,0,1,0,2026-03-31
101248,4,6,176.23,12,0,0,1,0,2026-04-30
101248,5,6,400.5,12,0,0,1,0,2026-05-31
101248,6,8,975.58,6,0,0,1,1,2026-06-30
101249,1,4,257.71,15,0,0,0,0,2026-01-31
101249,2,5,591.33,10,0,0,0,0,2026-02-28
101249,3,3,371.38,14,1,1,1,1,2026-03-31
101249,4,5,112.54,14,0,0,1,0,2026-04-30
101249,5,2,83.88,13,0,1,1,0,2026-05-31
101249,6,4,468.11,9,1,0,1,0,2026-06-30
101250,1,6,225.99,10,0,0,1,0,2026-01-31
101250,2,2,87.65,11,0,1,0,0,2026-02-28
101250,3,7,606.47,19,0,0,0,0,2026-03-31
101250,4,5,454.63,26,0,0,0,1,2026-04-30
101250,5,4,218.26,15,0,0,1,0,2026-05-31
101250,6,3,381.11,15,0,0,0,1,2026-06-30
101251,1,11,815.9,21,1,1,0,0,2026-01-31
101251,2,10,908.96,15,1,1,1,0,2026-02-28
101251,3,9,1061.37,7,2,0,1,0,2026-03-31
101251,4,6,269.32,4,0,1,1,1,2026-04-30
101251,5,5,327.4,10,0,0,1,0,2026-05-31
101251,6,6,580.39,12,1,1,1,0,2026-06-30
101252,1,16,860.54,7,0,1,1,0,2026-01-31
101252,2,10,585.58,17,1,0,1,1,2026-02-28
101252,3,22,1808.07,15,0,1,1,1,2026-03-31
101252,4,15,1676.25,17,0,1,1,0,2026-04-30
101252,5,14,526.11,16,0,1,1,0,2026-05-31
101252,6,13,1467.91,13,0,0,1,0,2026-06-30
101253,1,17,1608.75,15,0,0,1,1,2026-01-31
101253,2,19,955.14,14,0,1,1,0,2026-02-28
101253,3,19,403.63,26,1,0,1,0,2026-03-31
101253,4,20,2497.17,7,0,1,1,0,2026-04-30
101253,5,16,1161.23,12,0,1,0,1,2026-05-31
101253,6,23,3320.19,11,1,0,0,0,2026-06-30
101254,1,14,705.24,12,1,0,0,0,2026-01-31
101254,2,22,2845.23,13,0,0,1,1,2026-02-28
101254,3,10,492.62,9,0,1,1,0,2026-03-31
101254,4,17,2337.39,11,0,0,0,0,2026-04-30
101254,5,19,2384.86,10,1,1,1,0,2026-05-31
101254,6,20,2685.34,7,0,0,1,0,2026-06-30
101255,1,7,492.93,12,0,0,1,1,2026-01-31
101255,2,10,1325.91,6,1,1,0,0,2026-02-28
101255,3,12,428.03,12,1,0,1,0,2026-03-31
101255,4,10,535.28,9,2,1,1,0,2026-04-30
101255,5,12,1434.84,15,0,1,1,0,2026-05-31
101255,6,10,1320.77,13,1,1,0,0,2026-06-30
101256,1,10,315.39,11,0,0,0,0,2026-01-31
101256,2,6,809.24,5,0,0,0,0,2026-02-28
101256,3,6,543.86,12,0,0,1,0,2026-03-31
101256,4,12,1415.63,12,2,0,0,0,2026-04-30
101256,5,9,538.78,13,1,1,1,0,2026-05-31
101256,6,9,248.75,19,0,1,1,1,2026-06-30
101257,1,7,658.38,20,1,1,1,1,2026-01-31
101257,2,7,479.44,6,0,1,0,0,2026-02-28
101257,3,8,653.18,14,0,1,1,0,2026-03-31
101257,4,6,540.13,6,0,0,1,0,2026-04-30
101257,5,10,684.9,8,0,0,0,1,2026-05-31
101257,6,7,629.55,8,0,1,0,1,2026-06-30
101258,1,12,1486.31,8,0,1,1,0,2026-01-31
101258,2,12,1212.07,17,0,0,1,0,2026-02-28
101258,3,8,182.83,4,2,0,1,0,2026-03-31
101258,4,5,693.49,8,0,0,1,0,2026-04-30
101258,5,12,1170.87,11,0,1,1,0,2026-05-31
101258,6,6,811.09,7,1,0,1,0,2026-06-30
101259,1,20,503.48,7,3,1,1,0,2026-01-31
101259,2,22,2704.54,11,1,0,1,0,2026-02-28
101259,3,18,540.19,8,0,0,1,1,2026-03-31
101259,4,21,1388.57,9,0,0,0,1,2026-04-30
101259,5,15,346.93,10,0,1,1,0,2026-05-31
101259,6,20,1800.98,11,0,0,1,0,2026-06-30
101260,1,11,980.71,11,1,1,1,0,2026-01-31
101260,2,13,517.8,12,0,1,1,0,2026-02-28
101260,3,17,346.8,7,1,1,1,1,2026-03-31
101260,4,16,1719.43,10,0,1,0,0,2026-04-30
101260,5,9,395.53,9,1,1,1,0,2026-05-31
101260,6,9,976.16,12,0,0,0,0,2026-06-30
101261,1,18,1687.71,9,0,1,1,1,2026-01-31
101261,2,15,1082.07,13,0,1,1,0,2026-02-28
101261,3,19,1533.85,7,1,1,1,0,2026-03-31
101261,4,16,1907.84,15,0,1,1,0,2026-04-30
101261,5,10,1489.81,13,0,1,1,1,2026-05-31
101261,6,12,623.95,8,0,0,1,1,2026-06-30
101262,1,21,3036.23,11,0,0,1,0,2026-01-31
101262,2,27,3989.47,10,1,1,1,0,2026-02-28
101262,3,26,1592.84,15,0,1,1,1,2026-03-31
101262,4,20,2594.19,18,0,0,1,0,2026-04-30
101262,5,19,1598.24,12,1,0,1,1,2026-05-31
101262,6,16,1237.47,9,0,0,0,0,2026-06-30
101263,1,8,968.79,11,0,0,1,0,2026-01-31
101263,2,5,375.06,8,0,0,0,0,2026-02-28
101263,3,8,854.17,9,0,0,0,0,2026-03-31
101263,4,9,777.94,14,0,1,1,0,2026-04-30
101263,5,11,854.61,7,0,1,1,0,2026-05-31
101263,6,5,638.83,7,2,0,1,1,2026-06-30
101264,1,4,427.12,14,0,1,0,0,2026-01-31
101264,2,6,298.21,15,0,1,1,0,2026-02-28
101264,3,6,497.15,15,0,0,1,0,2026-03-31
101264,4,3,309.94,13,0,1,1,0,2026-04-30
101264,5,5,201.91,18,2,1,0,1,2026-05-31
101264,6,3,420.82,6,0,1,1,0,2026-06-30
101265,1,20,2853.48,8,0,0,0,0,2026-01-31
101265,2,20,2819.54,16,0,1,1,1,2026-02-28
101265,3,20,697.23,16,0,0,1,0,2026-03-31
101265,4,8,698.26,21,0,1,1,0,2026-04-30
101265,5,14,1100.86,9,0,0,1,0,2026-05-31
101265,6,9,916.34,8,0,0,0,0,2026-06-30
101266,1,17,1599.99,18,0,1,1,1,2026-01-31
101266,2,15,1851.12,7,0,0,1,1,2026-02-28
101266,3,20,2861.91,16,1,1,1,1,2026-03-31
101266,4,25,2764.61,15,0,0,0,0,2026-04-30
101266,5,19,966.91,14,1,0,0,0,2026-05-31
101266,6,23,1154.84,9,1,0,1,0,2026-06-30
101267,1,5,450.63,7,0,0,1,0,2026-01-31
101267,2,7,823.04,6,0,1,1,0,2026-02-28
101267,3,8,476.22,9,0,0,1,0,2026-03-31
101267,4,4,500.17,10,0,1,1,1,2026-04-30
101267,5,8,1016.55,9,0,0,1,1,2026-05-31
101267,6,7,438.55,16,0,0,1,1,2026-06-30
101268,1,4,417.2,8,1,1,0,1,2026-01-31
101268,2,9,1337.55,13,1,1,1,1,2026-02-28
101268,3,5,685.96,20,0,0,1,0,2026-03-31
101268,4,6,595.11,4,3,0,1,0,2026-04-30
101268,5,9,1111.84,5,2,0,1,0,2026-05-31
101268,6,4,82.14,17,3,0,1,1,2026-06-30
101269,1,13,551.11,18,0,1,1,0,2026-01-31
101269,2,8,846.86,6,0,0,1,0,2026-02-28
101269,3,10,753.45,11,0,0,1,1,2026-03-31
101269,4,14,1748.93,10,0,0,0,0,2026-04-30
101269,5,11,646.21,6,0,0,1,0,2026-05-31
101269,6,11,647.17,6,2,1,0,1,2026-06-30
101270,1,12,1750.27,23,0,1,1,0,2026-01-31
101270,2,16,477.38,16,0,1,1,1,2026-02-28
101270,3,15,1827.14,6,1,1,1,1,2026-03-31
101270,4,11,755.26,14,1,0,0,0,2026-04-30
101270,5,10,586.13,14,0,1,1,0,2026-05-31
101270,6,12,766.9,9,1,0,1,1,2026-06-30
101271,1,4,532.52,9,0,1,0,0,2026-01-31
101271,2,11,1187.36,9,0,1,1,0,2026-02-28
101271,3,10,1376.85,5,0,1,1,0,2026-03-31
101271,4,7,936.9,10,0,0,0,0,2026-04-30
101271,5,7,379.78,19,1,0,1,1,2026-05-31
101271,6,8,694.84,8,0,0,0,0,2026-06-30
101272,1,12,1748.28,9,1,0,1,0,2026-01-31
101272,2,21,1673.51,14,0,0,0,0,2026-02-28
101272,3,23,2067.32,11,2,0,1,1,2026-03-31
101272,4,12,1208.46,6,0,1,1,0,2026-04-30
101272,5,26,1392.11,12,1,1,0,1,2026-05-31
101272,6,18,1017.78,16,0,0,0,0,2026-06-30
101273,1,13,463.99,11,1,1,1,0,2026-01-31
101273,2,20,2048.05,12,1,0,1,0,2026-02-28
101273,3,14,806.48,9,1,0,0,0,2026-03-31
101273,4,13,1602.88,17,0,0,0,1,2026-04-30
101273,5,8,1105.05,19,0,0,1,0,2026-05-31
101273,6,15,2058.26,12,2,0,1,0,2026-06-30
101274,1,10,1266.17,11,0,0,0,0,2026-01-31
101274,2,5,494.23,16,0,0,1,0,2026-02-28
101274,3,10,848.19,17,0,0,1,0,2026-03-31
101274,4,12,1452.59,12,0,0,1,0,2026-04-30
101274,5,6,535.87,13,2,0,1,0,2026-05-31
101274,6,5,681.98,12,1,1,1,0,2026-06-30
101275,1,27,2814.13,14,1,0,1,0,2026-01-31
101275,2,21,1085.77,8,0,1,1,0,2026-02-28
101275,3,12,933.62,6,1,0,1,0,2026-03-31
101275,4,27,4024.7,21,0,0,1,0,2026-04-30
101275,5,20,2117.56,8,3,1,1,1,2026-05-31
101275,6,16,1308.19,9,0,1,0,0,2026-06-30
101276,1,10,560.68,6,0,0,1,0,2026-01-31
101276,2,6,210.81,12,0,1,0,0,2026-02-28
101276,3,13,1363.55,16,0,0,0,0,2026-03-31
101276,4,10,954.62,12,0,0,1,0,2026-04-30
101276,5,12,1137.09,10,0,0,1,0,2026-05-31
101276,6,11,1452.83,11,0,0,1,0,2026-06-30
101277,1,34,4377.19,14,0,0,1,0,2026-01-31
101277,2,30,2873.07,13,1,0,1,0,2026-02-28
101277,3,27,750.29,15,1,0,1,1,2026-03-31
101277,4,22,1268.75,14,0,0,0,1,2026-04-30
101277,5,16,1461.46,10,0,0,0,0,2026-05-31
101277,6,18,1812.42,10,2,0,0,0,2026-06-30
101278,1,9,1131.65,8,0,0,1,0,2026-01-31
101278,2,11,942.55,12,0,0,1,0,2026-02-28
101278,3,8,992.88,12,0,0,1,0,2026-03-31
101278,4,10,688.78,20,0,0,1,0,2026-04-30
101278,5,15,1208.63,18,0,1,1,1,2026-05-31
101278,6,12,758.46,17,0,0,0,0,2026-06-30
101279,1,10,804.46,15,0,0,1,0,2026-01-31
101279,2,15,683.8,14,0,0,1,1,2026-02-28
101279,3,10,1291.35,5,1,0,1,0,2026-03-31
101279,4,13,773.78,8,0,1,0,0,2026-04-30
101279,5,14,1915.43,13,1,0,1,0,2026-05-31
101279,6,7,524.39,8,0,0,1,0,2026-06-30
101280,1,12,615.34,15,1,0,1,1,2026-01-31
101280,2,13,878.22,11,0,0,1,0,2026-02-28
101280,3,13,1143.6,14,0,0,0,0,2026-03-31
101280,4,14,796.36,10,1,0,1,1,2026-04-30
101280,5,15,1914.76,6,0,1,1,0,2026-05-31
101280,6,10,1411.5,17,1,1,0,0,2026-06-30
101281,1,9,779.24,17,0,0,0,0,2026-01-31
101281,2,13,1186.52,8,0,1,0,0,2026-02-28
101281,3,8,494.13,20,0,1,1,1,2026-03-31
101281,4,8,1010.07,18,1,1,1,0,2026-04-30
101281,5,10,915.28,19,0,1,0,1,2026-05-31
101281,6,15,2006.28,11,1,1,0,0,2026-06-30
101282,1,15,1211.71,11,0,0,1,0,2026-01-31
101282,2,14,1675.52,12,1,0,1,0,2026-02-28
101282,3,6,208.48,16,1,0,1,0,2026-03-31
101282,4,8,477.82,13,1,1,0,0,2026-04-30
101282,5,10,1248.42,18,0,1,1,0,2026-05-31
101282,6,8,875.31,6,1,0,1,1,2026-06-30
101283,1,10,429.0,13,0,0,1,0,2026-01-31
101283,2,11,1405.21,12,0,0,0,0,2026-02-28
101283,3,7,290.88,14,1,0,1,0,2026-03-31
101283,4,7,432.62,15,0,0,1,0,2026-04-30
101283,5,6,338.6,7,1,1,1,0,2026-05-31
101283,6,4,134.25,9,2,1,1,0,2026-06-30
101284,1,7,359.42,10,0,0,0,0,2026-01-31
101284,2,8,777.31,8,0,0,0,0,2026-02-28
101284,3,5,649.56,6,1,0,1,0,2026-03-31
101284,4,8,909.81,8,0,0,0,0,2026-04-30
101284,5,3,250.18,10,3,1,0,1,2026-05-31
101284,6,3,81.3,3,0,1,1,1,2026-06-30
101285,1,15,1552.0,13,1,0,1,1,2026-01-31
101285,2,6,895.29,12,2,0,1,0,2026-02-28
101285,3,8,173.76,18,0,0,1,0,2026-03-31
101285,4,7,206.81,18,0,0,1,1,2026-04-30
101285,5,11,432.33,10,0,0,1,0,2026-05-31
101285,6,11,1020.74,12,1,0,1,0,2026-06-30
101286,1,30,3700.24,17,1,0,1,0,2026-01-31
101286,2,16,1304.03,21,0,0,1,0,2026-02-28
101286,3,31,3023.38,16,0,0,1,0,2026-03-31
101286,4,27,2261.43,17,0,0,0,0,2026-04-30
101286,5,19,1693.16,7,0,1,0,1,2026-05-31
101286,6,16,2284.57,19,0,0,1,1,2026-06-30
101287,1,16,1305.15,13,1,1,1,0,2026-01-31
101287,2,11,860.36,8,0,0,1,1,2026-02-28
101287,3,21,1769.38,12,0,0,1,1,2026-03-31
101287,4,17,712.73,14,0,1,1,0,2026-04-30
101287,5,23,2584.65,21,0,0,0,0,2026-05-31
101287,6,13,1882.46,20,0,1,1,0,2026-06-30
101288,1,14,296.86,9,1,1,0,0,2026-01-31
101288,2,20,2242.17,7,2,1,1,0,2026-02-28
101288,3,14,1088.12,10,0,1,0,1,2026-03-31
101288,4,16,2104.05,5,0,0,1,0,2026-04-30
101288,5,11,327.1,7,0,0,0,0,2026-05-31
101288,6,13,1494.81,22,0,1,1,0,2026-06-30
101289,1,6,545.93,8,1,0,1,0,2026-01-31
101289,2,10,366.9,10,0,0,1,1,2026-02-28
101289,3,7,552.97,14,0,1,1,0,2026-03-31
101289,4,6,541.58,14,0,1,1,0,2026-04-30
101289,5,5,270.81,9,0,1,1,0,2026-05-31
101289,6,10,701.2,14,1,0,1,0,2026-06-30
101290,1,9,204.75,21,1,0,1,0,2026-01-31
101290,2,15,473.4,23,0,1,1,1,2026-02-28
101290,3,17,1637.63,12,0,1,1,1,2026-03-31
101290,4,7,362.29,13,0,1,1,0,2026-04-30
101290,5,9,599.66,12,0,1,1,0,2026-05-31
101290,6,10,682.68,13,0,0,1,1,2026-06-30
101291,1,11,791.42,8,0,1,1,0,2026-01-31
101291,2,11,1008.98,10,0,0,0,1,2026-02-28
101291,3,9,1241.04,7,0,0,1,0,2026-03-31
101291,4,13,803.67,11,0,1,1,0,2026-04-30
101291,5,13,427.28,9,1,0,1,0,2026-05-31
101291,6,19,632.4,15,0,1,1,0,2026-06-30
101292,1,5,655.58,12,0,0,1,0,2026-01-31
101292,2,9,1220.89,15,0,0,1,0,2026-02-28
101292,3,11,971.35,21,0,0,0,0,2026-03-31
101292,4,9,1313.53,3,0,0,1,1,2026-04-30
101292,5,5,250.94,12,1,0,1,0,2026-05-31
101292,6,12,1107.02,8,0,0,1,0,2026-06-30
101293,1,10,269.2,9,0,1,1,0,2026-01-31
101293,2,10,744.67,8,0,1,1,0,2026-02-28
101293,3,12,1566.97,17,0,1,0,0,2026-03-31
101293,4,12,1245.28,17,1,0,0,0,2026-04-30
101293,5,14,994.99,4,0,0,1,0,2026-05-31
101293,6,13,1548.39,11,1,0,0,0,2026-06-30
101294,1,27,3685.52,20,0,0,0,1,2026-01-31
101294,2,17,2008.08,6,3,0,0,0,2026-02-28
101294,3,26,2880.57,11,0,1,1,0,2026-03-31
101294,4,23,2866.75,22,0,1,1,1,2026-04-30
101294,5,19,2075.51,7,0,0,1,0,2026-05-31
101294,6,21,1943.45,12,1,1,1,0,2026-06-30
101295,1,12,390.42,10,0,0,0,0,2026-01-31
101295,2,15,782.74,18,0,0,1,0,2026-02-28
101295,3,27,2635.62,16,0,0,1,0,2026-03-31
101295,4,16,414.99,13,0,1,1,1,2026-04-30
101295,5,26,552.5,16,0,0,1,0,2026-05-31
101295,6,29,1403.56,13,0,1,1,0,2026-06-30
101296,1,7,1026.38,13,0,1,1,0,2026-01-31
101296,2,12,604.42,15,0,1,1,0,2026-02-28
101296,3,13,1475.52,5,0,0,1,0,2026-03-31
101296,4,7,220.45,9,0,0,0,0,2026-04-30
101296,5,16,1932.78,10,2,0,0,0,2026-05-31
101296,6,8,411.99,15,1,0,1,1,2026-06-30
101297,1,9,182.16,5,0,1,1,0,2026-01-31
101297,2,11,523.24,8,0,1,1,0,2026-02-28
101297,3,9,1253.6,10,0,0,1,0,2026-03-31
101297,4,10,545.6,13,0,1,1,1,2026-04-30
101297,5,6,250.23,14,1,0,1,0,2026-05-31
101297,6,12,1501.31,13,0,0,1,0,2026-06-30
101298,1,9,1336.57,9,0,0,1,0,2026-01-31
101298,2,9,1136.94,19,0,0,0,0,2026-02-28
101298,3,16,1262.02,5,0,0,1,1,2026-03-31
101298,4,12,1558.66,8,0,1,1,1,2026-04-30
101298,5,16,552.92,12,0,0,1,0,2026-05-31
101298,6,14,1773.53,15,0,0,1,0,2026-06-30
101299,1,10,1149.61,13,1,0,1,0,2026-01-31
101299,2,18,818.41,12,0,0,1,0,2026-02-28
101299,3,21,1347.54,18,1,1,1,0,2026-03-31
101299,4,21,2782.39,10,0,1,1,0,2026-04-30
101299,5,20,2761.62,10,0,1,0,0,2026-05-31
101299,6,21,2240.07,11,0,0,1,0,2026-06-30
101300,1,31,2495.2,15,0,0,0,0,2026-01-31
101300,2,16,790.83,16,2,0,1,1,2026-02-28
101300,3,28,560.81,17,1,1,1,0,2026-03-31
101300,4,23,880.4,18,0,1,1,1,2026-04-30
101300,5,24,3111.52,9,1,1,0,0,2026-05-31
101300,6,15,1314.8,5,0,1,1,0,2026-06-30
101301,1,6,754.35,14,1,0,1,0,2026-01-31
101301,2,12,636.15,14,0,0,0,0,2026-02-28
101301,3,11,1500.57,11,1,0,0,0,2026-03-31
101301,4,7,279.15,11,0,1,1,0,2026-04-30
101301,5,10,307.94,11,1,0,1,0,2026-05-31
101301,6,6,800.08,12,0,0,1,0,2026-06-30
101302,1,5,516.25,16,1,1,0,0,2026-01-31
101302,2,9,932.5,14,0,0,1,0,2026-02-28
101302,3,7,681.65,14,1,1,0,0,2026-03-31
101302,4,7,880.48,13,0,0,1,0,2026-04-30
101302,5,10,702.22,9,0,1,1,0,2026-05-31
101302,6,6,384.91,15,1,1,1,0,2026-06-30
101303,1,12,341.8,15,1,0,0,0,2026-01-31
101303,2,17,1756.53,15,0,1,1,0,2026-02-28
101303,3,16,2274.4,5,0,0,1,0,2026-03-31
101303,4,9,1045.84,17,0,0,1,0,2026-04-30
101303,5,13,1854.85,5,0,0,0,1,2026-05-31
101303,6,7,601.3,10,1,0,1,0,2026-06-30
101304,1,12,351.54,12,1,0,1,0,2026-01-31
101304,2,21,2422.36,14,2,0,1,0,2026-02-28
101304,3,25,757.33,8,1,0,1,1,2026-03-31
101304,4,13,1155.18,6,0,1,0,0,2026-04-30
101304,5,25,3349.27,14,1,1,1,1,2026-05-31
101304,6,13,1538.78,5,1,1,0,1,2026-06-30
101305,1,11,468.44,16,1,0,1,0,2026-01-31
101305,2,17,963.09,10,1,1,0,1,2026-02-28
101305,3,7,547.18,18,1,1,1,0,2026-03-31
101305,4,14,318.4,2,0,1,1,0,2026-04-30
101305,5,11,1449.12,12,0,0,1,0,2026-05-31
101305,6,9,1223.88,7,1,0,1,0,2026-06-30
101306,1,21,745.95,10,1,0,0,1,2026-01-31
101306,2,26,3182.71,2,0,1,0,0,2026-02-28
101306,3,28,1664.19,11,0,0,1,1,2026-03-31
101306,4,16,1921.55,14,1,0,1,0,2026-04-30
101306,5,34,2937.3,6,0,0,1,0,2026-05-31
101306,6,35,886.99,8,0,0,1,0,2026-06-30
101307,1,25,2512.41,13,0,1,0,0,2026-01-31
101307,2,26,2204.13,7,0,0,1,0,2026-02-28
101307,3,23,464.62,11,1,0,1,1,2026-03-31
101307,4,12,1730.77,13,0,0,0,0,2026-04-30
101307,5,25,863.73,14,1,1,0,0,2026-05-31
101307,6,18,951.97,16,0,1,1,0,2026-06-30
101308,1,11,1000.73,15,1,0,0,1,2026-01-31
101308,2,12,818.57,12,2,0,1,0,2026-02-28
101308,3,12,402.88,13,1,1,0,0,2026-03-31
101308,4,7,254.38,12,0,1,1,0,2026-04-30
101308,5,9,600.44,11,0,0,1,0,2026-05-31
101308,6,15,698.14,17,0,1,1,1,2026-06-30
101309,1,6,285.29,9,0,0,1,0,2026-01-31
101309,2,6,226.63,10,2,0,0,0,2026-02-28
101309,3,4,230.1,19,0,0,1,0,2026-03-31
101309,4,5,144.55,18,1,1,1,0,2026-04-30
101309,5,6,222.94,11,1,0,1,1,2026-05-31
101309,6,8,1119.26,16,0,0,0,0,2026-06-30
101310,1,12,646.33,15,1,0,0,0,2026-01-31
101310,2,18,1849.34,12,0,0,1,0,2026-02-28
101310,3,19,2083.27,12,0,0,1,0,2026-03-31
101310,4,17,798.22,12,0,1,1,1,2026-04-30
101310,5,16,354.65,17,0,0,1,1,2026-05-31
101310,6,10,417.52,12,1,0,1,0,2026-06-30
101311,1,8,910.8,13,0,0,0,1,2026-01-31
101311,2,3,443.99,19,1,0,1,0,2026-02-28
101311,3,3,293.14,17,1,0,0,0,2026-03-31
101311,4,10,970.31,13,0,1,0,0,2026-04-30
101311,5,8,535.01,22,0,1,0,0,2026-05-31
101311,6,8,1044.67,10,0,0,1,0,2026-06-30
101312,1,2,173.49,15,0,0,1,1,2026-01-31
101312,2,3,181.34,5,0,1,1,0,2026-02-28
101312,3,3,248.51,9,0,1,0,0,2026-03-31
101312,4,2,228.97,21,1,0,1,1,2026-04-30
101312,5,1,130.83,12,1,1,1,0,2026-05-31
101312,6,2,196.75,13,1,0,1,0,2026-06-30
101313,1,17,879.25,5,0,1,1,0,2026-01-31
101313,2,19,2288.67,13,0,0,1,1,2026-02-28
101313,3,25,1707.17,15,1,0,1,0,2026-03-31
101313,4,20,939.07,11,0,0,0,0,2026-04-30
101313,5,15,1662.86,15,0,0,1,0,2026-05-31
101313,6,26,2602.92,7,0,1,1,1,2026-06-30
101314,1,4,434.21,9,1,1,0,1,2026-01-31
101314,2,4,186.68,18,1,1,1,0,2026-02-28
101314,3,8,604.56,14,1,0,0,0,2026-03-31
101314,4,10,1167.95,9,0,1,1,0,2026-04-30
101314,5,8,646.66,7,0,1,1,1,2026-05-31
101314,6,7,1049.46,16,2,0,1,0,2026-06-30
101315,1,4,88.66,15,0,1,1,0,2026-01-31
101315,2,9,1047.02,13,0,0,0,1,2026-02-28
101315,3,10,498.05,18,0,1,0,0,2026-03-31
101315,4,5,180.31,13,1,0,1,0,2026-04-30
101315,5,8,865.4,4,0,1,0,0,2026-05-31
101315,6,9,284.87,13,0,1,1,0,2026-06-30
101316,1,4,293.56,17,1,0,1,1,2026-01-31
101316,2,5,312.25,17,2,0,1,1,2026-02-28
101316,3,9,1167.98,10,0,0,1,0,2026-03-31
101316,4,10,418.78,12,0,1,1,0,2026-04-30
101316,5,9,405.95,12,0,0,0,0,2026-05-31
101316,6,7,768.01,10,1,0,1,0,2026-06-30
101317,1,22,2082.62,23,0,0,1,0,2026-01-31
101317,2,27,852.29,15,0,1,0,0,2026-02-28
101317,3,19,411.42,9,0,0,1,0,2026-03-31
101317,4,28,854.94,10,0,0,0,0,2026-04-30
101317,5,17,914.3,17,0,1,1,0,2026-05-31
101317,6,31,811.17,14,1,0,1,0,2026-06-30
101318,1,22,857.25,4,0,0,0,0,2026-01-31
101318,2,25,2491.28,12,0,0,0,0,2026-02-28
101318,3,18,2403.83,11,0,0,1,0,2026-03-31
101318,4,16,1993.25,13,0,0,1,0,2026-04-30
101318,5,17,1496.01,16,2,0,0,0,2026-05-31
101318,6,24,807.12,13,0,1,0,0,2026-06-30
101319,1,17,1291.67,12,1,0,0,1,2026-01-31
101319,2,32,1325.17,12,0,0,0,0,2026-02-28
101319,3,26,3470.34,12,0,0,1,0,2026-03-31
101319,4,25,1921.86,9,0,0,1,0,2026-04-30
101319,5,18,1835.34,12,1,1,0,0,2026-05-31
101319,6,31,1537.48,15,3,0,1,1,2026-06-30
101320,1,13,1571.57,13,0,1,1,1,2026-01-31
101320,2,13,588.28,11,0,1,1,0,2026-02-28
101320,3,9,951.87,9,0,1,0,0,2026-03-31
101320,4,19,2311.18,13,1,0,1,0,2026-04-30
101320,5,19,2018.97,11,2,1,1,0,2026-05-31
101320,6,9,1086.12,13,0,1,1,0,2026-06-30
101321,1,25,1924.95,18,0,1,0,0,2026-01-31
101321,2,21,579.86,12,0,0,1,1,2026-02-28
101321,3,23,2732.01,11,0,1,1,1,2026-03-31
101321,4,20,2625.94,13,0,0,0,0,2026-04-30
101321,5,18,1637.54,11,0,0,0,0,2026-05-31
101321,6,15,2014.13,6,0,0,1,1,2026-06-30
101322,1,17,766.91,17,0,0,1,0,2026-01-31
101322,2,16,1702.4,16,0,0,1,0,2026-02-28
101322,3,9,688.05,6,0,0,1,0,2026-03-31
101322,4,8,311.32,12,0,0,0,0,2026-04-30
101322,5,17,690.57,10,0,1,0,0,2026-05-31
101322,6,14,485.89,9,2,0,1,0,2026-06-30
101323,1,8,1066.4,10,0,0,0,0,2026-01-31
101323,2,12,569.65,10,1,0,0,0,2026-02-28
101323,3,11,1353.95,11,0,0,1,1,2026-03-31
101323,4,12,1181.52,11,1,0,0,0,2026-04-30
101323,5,11,1022.64,8,0,1,1,0,2026-05-31
101323,6,11,340.67,12,0,1,0,0,2026-06-30
101324,1,7,867.34,8,1,1,0,1,2026-01-31
101324,2,15,1323.55,18,0,1,1,1,2026-02-28
101324,3,11,588.86,20,0,0,1,0,2026-03-31
101324,4,17,2066.66,7,1,1,1,0,2026-04-30
101324,5,10,1205.36,10,1,0,1,1,2026-05-31
101324,6,12,300.77,20,1,1,1,0,2026-06-30
101325,1,19,2540.68,7,1,1,1,0,2026-01-31
101325,2,8,364.65,15,0,1,1,1,2026-02-28
101325,3,9,1183.05,20,0,0,1,1,2026-03-31
101325,4,15,1365.98,7,0,1,1,1,2026-04-30
101325,5,12,528.71,8,2,0,1,0,2026-05-31
101325,6,12,1073.2,11,1,0,0,0,2026-06-30
101326,1,5,694.4,21,0,0,1,0,2026-01-31
101326,2,4,414.83,6,0,0,1,1,2026-02-28
101326,3,10,624.08,7,0,1,1,0,2026-03-31
101326,4,9,1291.37,9,1,1,0,0,2026-04-30
101326,5,7,249.91,16,0,0,0,0,2026-05-31
101326,6,7,699.58,19,1,0,1,0,2026-06-30
101327,1,8,1078.58,14,0,1,0,0,2026-01-31
101327,2,8,1063.45,12,0,0,1,1,2026-02-28
101327,3,8,837.07,10,0,1,1,0,2026-03-31
101327,4,10,472.52,7,1,0,1,0,2026-04-30
101327,5,11,1223.2,8,0,1,0,0,2026-05-31
101327,6,9,390.9,9,1,1,0,0,2026-06-30
101328,1,6,411.05,7,1,0,1,0,2026-01-31
101328,2,11,978.34,12,0,0,0,0,2026-02-28
101328,3,8,663.78,9,1,1,1,1,2026-03-31
101328,4,6,589.84,11,1,0,0,0,2026-04-30
101328,5,4,215.67,10,0,1,1,0,2026-05-31
101328,6,10,863.97,11,0,1,0,0,2026-06-30
101329,1,11,1240.85,8,2,1,1,0,2026-01-31
101329,2,13,937.74,12,0,1,1,0,2026-02-28
101329,3,13,1420.99,18,0,1,1,0,2026-03-31
101329,4,9,459.83,9,0,1,1,0,2026-04-30
101329,5,9,192.55,14,1,1,0,0,2026-05-31
101329,6,6,699.11,13,0,1,1,0,2026-06-30
101330,1,10,923.94,14,2,1,0,0,2026-01-31
101330,2,9,979.37,13,2,0,1,0,2026-02-28
101330,3,9,573.94,10,0,0,1,0,2026-03-31
101330,4,9,888.59,8,1,1,0,1,2026-04-30
101330,5,7,292.29,18,0,1,1,1,2026-05-31
101330,6,13,1263.13,10,1,0,1,0,2026-06-30
101331,1,4,159.79,10,0,1,1,0,2026-01-31
101331,2,6,251.32,10,1,1,1,0,2026-02-28
101331,3,5,180.62,12,0,0,1,0,2026-03-31
101331,4,7,260.04,7,0,0,1,0,2026-04-30
101331,5,7,178.89,19,1,0,1,0,2026-05-31
101331,6,9,1004.1,14,1,0,1,0,2026-06-30
101332,1,12,1002.17,12,1,1,0,0,2026-01-31
101332,2,9,577.21,12,0,0,0,0,2026-02-28
101332,3,18,2529.34,9,0,0,1,0,2026-03-31
101332,4,9,550.89,6,0,1,0,0,2026-04-30
101332,5,11,1471.06,20,1,0,1,0,2026-05-31
101332,6,16,612.01,5,0,0,1,0,2026-06-30
101333,1,14,1251.1,12,0,1,1,0,2026-01-31
101333,2,9,999.19,11,0,0,0,0,2026-02-28
101333,3,10,319.48,23,2,1,1,0,2026-03-31
101333,4,10,423.34,12,1,1,0,0,2026-04-30
101333,5,12,1763.03,15,0,0,1,0,2026-05-31
101333,6,14,2080.12,10,0,0,1,0,2026-06-30
101334,1,21,717.45,18,0,0,1,0,2026-01-31
101334,2,25,3679.92,8,0,1,1,0,2026-02-28
101334,3,24,740.34,15,0,1,1,0,2026-03-31
101334,4,14,785.38,12,0,0,0,0,2026-04-30
101334,5,17,1330.82,11,0,0,0,0,2026-05-31
101334,6,19,2127.74,23,0,1,1,0,2026-06-30
101335,1,4,588.65,9,1,0,1,0,2026-01-31
101335,2,9,1156.9,16,0,0,0,0,2026-02-28
101335,3,6,743.32,21,0,1,0,0,2026-03-31
101335,4,7,665.36,7,0,0,1,0,2026-04-30
101335,5,6,713.41,13,0,1,0,0,2026-05-31
101335,6,9,962.22,12,0,0,1,0,2026-06-30
101336,1,16,2190.13,18,0,1,1,0,2026-01-31
101336,2,11,715.13,13,0,0,1,0,2026-02-28
101336,3,13,1005.86,10,1,1,0,0,2026-03-31
101336,4,15,645.38,11,1,0,1,0,2026-04-30
101336,5,12,1599.61,18,0,1,1,0,2026-05-31
101336,6,13,1762.07,8,0,1,0,0,2026-06-30
101337,1,7,249.11,15,1,1,0,0,2026-01-31
101337,2,9,1275.46,26,0,1,1,0,2026-02-28
101337,3,5,395.8,7,0,0,0,0,2026-03-31
101337,4,7,595.2,8,2,1,1,0,2026-04-30
101337,5,6,259.67,11,2,0,1,1,2026-05-31
101337,6,5,140.66,15,1,1,1,0,2026-06-30
101338,1,15,1447.86,14,0,0,1,0,2026-01-31
101338,2,16,1383.98,16,1,0,1,0,2026-02-28
101338,3,23,2601.92,9,1,0,1,0,2026-03-31
101338,4,12,1047.42,13,0,0,1,0,2026-04-30
101338,5,14,1829.61,8,0,1,1,1,2026-05-31
101338,6,19,2205.63,7,1,0,0,0,2026-06-30
101339,1,12,478.26,13,0,0,1,0,2026-01-31
101339,2,15,1325.94,12,0,0,1,1,2026-02-28
101339,3,18,1599.93,14,0,0,1,0,2026-03-31
101339,4,18,792.11,13,0,0,1,0,2026-04-30
101339,5,17,2396.34,8,0,0,1,1,2026-05-31
101339,6,11,806.1,9,0,0,1,1,2026-06-30
101340,1,19,1483.74,16,1,0,1,0,2026-01-31
101340,2,22,3079.31,19,0,0,1,0,2026-02-28
101340,3,28,2448.81,6,0,1,1,0,2026-03-31
101340,4,20,2118.1,18,0,0,0,0,2026-04-30
101340,5,21,1456.5,26,0,1,1,0,2026-05-31
101340,6,18,1610.34,7,0,0,1,0,2026-06-30
101341,1,5,683.77,13,0,0,1,1,2026-01-31
101341,2,7,656.77,18,0,0,1,0,2026-02-28
101341,3,5,625.85,20,0,1,0,0,2026-03-31
101341,4,7,888.99,10,0,1,1,0,2026-04-30
101341,5,4,277.52,14,1,0,1,0,2026-05-31
101341,6,9,1259.56,10,1,0,1,0,2026-06-30
101342,1,28,1358.76,10,1,0,1,0,2026-01-31
101342,2,21,1807.01,16,0,1,0,0,2026-02-28
101342,3,25,1866.6,14,0,1,1,1,2026-03-31
101342,4,19,2716.51,14,0,0,1,0,2026-04-30
101342,5,18,1843.42,8,0,0,1,0,2026-05-31
101342,6,24,3012.74,16,0,1,1,0,2026-06-30
101343,1,21,3139.2,14,0,1,1,0,2026-01-31
101343,2,19,1327.22,7,0,1,1,0,2026-02-28
101343,3,10,801.14,15,1,1,1,0,2026-03-31
101343,4,18,2295.43,9,0,1,1,0,2026-04-30
101343,5,15,959.01,16,0,1,1,0,2026-05-31
101343,6,10,1336.96,15,1,0,1,0,2026-06-30
101344,1,7,268.84,4,0,0,1,0,2026-01-31
101344,2,9,1042.37,23,1,0,1,0,2026-02-28
101344,3,13,1803.47,5,0,0,0,0,2026-03-31
101344,4,10,284.97,17,1,1,1,0,2026-04-30
101344,5,13,1298.57,9,0,0,1,1,2026-05-31
101344,6,11,881.82,15,0,1,1,0,2026-06-30
101345,1,10,377.51,14,0,0,0,0,2026-01-31
101345,2,7,428.31,7,0,0,1,1,2026-02-28
101345,3,5,320.06,20,0,1,1,0,2026-03-31
101345,4,6,210.49,7,0,1,1,0,2026-04-30
101345,5,10,853.45,13,0,1,1,0,2026-05-31
101345,6,5,401.3,12,1,1,1,0,2026-06-30
101346,1,14,1136.24,18,0,0,0,1,2026-01-31
101346,2,10,1173.25,19,0,0,1,1,2026-02-28
101346,3,20,1591.62,15,1,0,0,1,2026-03-31
101346,4,19,1248.65,13,1,0,1,0,2026-04-30
101346,5,16,949.72,8,2,1,1,0,2026-05-31
101346,6,19,2054.43,9,1,0,0,0,2026-06-30
101347,1,3,340.9,9,1,0,1,1,2026-01-31
101347,2,6,617.95,11,0,0,0,1,2026-02-28
101347,3,4,145.27,10,0,1,0,0,2026-03-31
101347,4,4,381.0,11,0,1,1,0,2026-04-30
101347,5,5,672.05,15,0,0,0,0,2026-05-31
101347,6,2,250.49,19,1,0,0,0,2026-06-30
101348,1,7,545.66,5,1,1,0,0,2026-01-31
101348,2,14,873.46,11,0,0,1,0,2026-02-28
101348,3,9,1300.55,10,0,1,1,0,2026-03-31
101348,4,15,1263.89,10,0,0,1,0,2026-04-30
101348,5,12,1092.52,6,1,0,0,0,2026-05-31
101348,6,6,540.79,18,0,0,1,0,2026-06-30
101349,1,4,284.05,15,0,0,1,1,2026-01-31
101349,2,6,773.94,8,1,1,0,0,2026-02-28
101349,3,4,137.62,12,1,0,1,0,2026-03-31
101349,4,7,942.59,15,0,1,1,0,2026-04-30
101349,5,7,749.22,22,0,1,1,0,2026-05-31
101349,6,7,447.65,9,2,0,0,0,2026-06-30
101350,1,8,580.9,10,1,1,1,0,2026-01-31
101350,2,5,460.28,9,0,0,0,0,2026-02-28
101350,3,5,577.7,6,0,0,0,0,2026-03-31
101350,4,6,892.28,18,1,0,1,0,2026-04-30
101350,5,7,468.73,11,1,1,1,1,2026-05-31
101350,6,6,639.6,14,0,0,0,0,2026-06-30
101351,1,17,859.56,16,1,0,1,0,2026-01-31
101351,2,14,1045.12,11,0,0,0,1,2026-02-28
101351,3,23,1196.25,12,0,0,1,0,2026-03-31
101351,4,10,843.81,12,0,1,1,0,2026-04-30
101351,5,14,1476.79,19,1,0,0,0,2026-05-31
101351,6,16,2203.71,16,0,1,0,1,2026-06-30
101352,1,18,843.61,13,1,0,1,1,2026-01-31
101352,2,13,1857.19,10,1,1,1,0,2026-02-28
101352,3,12,745.45,20,0,1,1,1,2026-03-31
101352,4,8,202.05,10,1,1,1,1,2026-04-30
101352,5,18,2633.66,9,0,1,1,0,2026-05-31
101352,6,12,1477.78,14,1,0,0,0,2026-06-30
101353,1,23,614.44,14,0,0,1,0,2026-01-31
101353,2,14,674.98,12,0,0,1,0,2026-02-28
101353,3,25,3123.94,9,0,0,0,0,2026-03-31
101353,4,35,761.4,6,1,0,0,0,2026-04-30
101353,5,28,2090.19,15,1,1,1,0,2026-05-31
101353,6,15,1161.93,5,1,0,0,0,2026-06-30
101354,1,13,1529.96,8,0,1,1,0,2026-01-31
101354,2,15,1846.7,6,1,0,1,0,2026-02-28
101354,3,21,505.36,9,0,0,1,0,2026-03-31
101354,4,19,1334.59,11,0,0,1,0,2026-04-30
101354,5,27,604.78,9,0,1,0,0,2026-05-31
101354,6,25,3734.21,5,1,1,1,1,2026-06-30
101355,1,16,1039.95,15,0,1,1,1,2026-01-31
101355,2,11,466.79,9,0,0,0,1,2026-02-28
101355,3,9,1121.07,15,0,1,1,1,2026-03-31
101355,4,22,880.56,13,0,0,0,0,2026-04-30
101355,5,21,1157.67,22,0,1,0,0,2026-05-31
101355,6,21,1656.6,18,0,1,1,0,2026-06-30
101356,1,28,705.06,11,0,1,0,0,2026-01-31
101356,2,26,1680.62,4,1,1,0,0,2026-02-28
101356,3,34,1825.96,14,0,0,1,1,2026-03-31
101356,4,26,3331.48,16,1,1,1,0,2026-04-30
101356,5,16,798.95,13,0,1,1,0,2026-05-31
101356,6,29,3057.28,4,0,1,1,0,2026-06-30
101357,1,9,819.49,14,0,0,1,0,2026-01-31
101357,2,6,127.43,13,0,0,0,0,2026-02-28
101357,3,10,399.78,6,0,0,1,0,2026-03-31
101357,4,6,342.66,10,1,1,1,0,2026-04-30
101357,5,9,489.71,22,0,1,0,1,2026-05-31
101357,6,12,1291.35,9,0,1,0,0,2026-06-30
101358,1,8,569.43,11,0,1,1,0,2026-01-31
101358,2,5,730.69,10,0,1,1,0,2026-02-28
101358,3,9,565.4,9,0,0,1,0,2026-03-31
101358,4,5,533.09,7,3,1,0,1,2026-04-30
101358,5,9,411.83,13,1,0,0,0,2026-05-31
101358,6,7,539.55,11,0,0,1,0,2026-06-30
101359,1,12,1686.6,14,0,1,0,0,2026-01-31
101359,2,11,1288.95,11,0,0,1,1,2026-02-28
101359,3,9,652.76,6,0,0,1,0,2026-03-31
101359,4,7,294.52,18,0,0,1,0,2026-04-30
101359,5,7,881.28,15,0,0,0,0,2026-05-31
101359,6,11,1205.41,11,0,1,0,0,2026-06-30
101360,1,8,358.4,8,1,1,1,0,2026-01-31
101360,2,3,378.52,10,1,0,1,0,2026-02-28
101360,3,6,731.85,9,1,0,0,0,2026-03-31
101360,4,7,964.16,11,0,1,1,0,2026-04-30
101360,5,6,435.24,13,0,0,1,0,2026-05-31
101360,6,7,183.81,19,0,1,0,0,2026-06-30
101361,1,12,406.65,11,0,1,1,0,2026-01-31
101361,2,12,1612.27,8,0,0,1,0,2026-02-28
101361,3,9,245.94,15,0,0,1,0,2026-03-31
101361,4,9,552.51,5,1,1,0,1,2026-04-30
101361,5,8,808.71,13,0,0,1,0,2026-05-31
101361,6,9,1057.73,11,1,1,1,0,2026-06-30
101362,1,17,2103.23,9,0,1,1,1,2026-01-31
101362,2,23,2371.87,3,0,1,0,0,2026-02-28
101362,3,15,957.87,13,0,0,1,0,2026-03-31
101362,4,19,1932.55,17,0,1,1,0,2026-04-30
101362,5,13,747.05,11,0,0,1,0,2026-05-31
101362,6,11,1500.72,14,0,0,0,1,2026-06-30
101363,1,19,1146.71,15,0,1,0,0,2026-01-31
101363,2,16,864.85,22,0,1,1,0,2026-02-28
101363,3,11,1598.96,18,1,0,0,0,2026-03-31
101363,4,21,626.25,16,0,0,0,0,2026-04-30
101363,5,23,2397.25,8,1,0,1,0,2026-05-31
101363,6,19,973.37,9,0,0,0,1,2026-06-30
101364,1,14,1913.42,9,0,0,1,0,2026-01-31
101364,2,12,1203.78,9,0,0,1,0,2026-02-28
101364,3,10,779.98,15,0,0,1,0,2026-03-31
101364,4,13,1444.36,6,0,0,1,0,2026-04-30
101364,5,13,1473.07,12,0,1,0,0,2026-05-31
101364,6,9,191.57,13,2,0,0,0,2026-06-30
101365,1,3,192.86,18,1,1,1,0,2026-01-31
101365,2,4,355.71,19,0,1,0,0,2026-02-28
101365,3,5,532.8,16,0,0,1,1,2026-03-31
101365,4,6,287.38,18,3,0,0,0,2026-04-30
101365,5,7,641.78,7,1,0,0,1,2026-05-31
101365,6,6,556.76,12,1,1,0,0,2026-06-30
101366,1,12,1515.75,11,0,0,1,0,2026-01-31
101366,2,20,2492.16,19,0,1,1,0,2026-02-28
101366,3,14,2059.4,16,0,0,1,0,2026-03-31
101366,4,19,2622.78,12,0,0,1,0,2026-04-30
101366,5,19,2669.89,13,1,1,1,0,2026-05-31
101366,6,22,2462.33,17,0,0,0,0,2026-06-30
101367,1,18,2503.59,10,0,0,0,0,2026-01-31
101367,2,10,423.89,12,1,0,1,0,2026-02-28
101367,3,16,2013.52,12,0,1,0,0,2026-03-31
101367,4,13,681.15,5,0,0,1,1,2026-04-30
101367,5,16,2141.27,6,0,0,0,0,2026-05-31
101367,6,10,326.73,17,1,1,0,0,2026-06-30
101368,1,6,564.57,20,0,1,0,0,2026-01-31
101368,2,5,185.87,12,1,0,1,1,2026-02-28
101368,3,8,399.66,23,2,0,1,0,2026-03-31
101368,4,6,182.92,6,0,1,1,0,2026-04-30
101368,5,11,625.94,21,0,0,0,1,2026-05-31
101368,6,4,277.79,18,0,1,1,0,2026-06-30
101369,1,18,2004.39,17,0,0,1,0,2026-01-31
101369,2,14,1471.13,14,0,1,1,0,2026-02-28
101369,3,9,1017.73,12,0,0,0,0,2026-03-31
101369,4,8,367.36,15,1,0,1,0,2026-04-30
101369,5,14,1397.77,9,0,0,1,0,2026-05-31
101369,6,16,470.41,6,0,0,0,0,2026-06-30
101370,1,14,1718.15,9,0,1,1,0,2026-01-31
101370,2,31,2457.47,20,0,0,1,0,2026-02-28
101370,3,16,1993.88,12,0,0,1,0,2026-03-31
101370,4,30,1579.25,9,0,0,1,0,2026-04-30
101370,5,20,1870.43,10,1,0,0,0,2026-05-31
101370,6,24,2682.32,7,0,1,0,0,2026-06-30
101371,1,16,1067.55,9,0,0,1,0,2026-01-31
101371,2,15,1368.29,22,1,0,0,0,2026-02-28
101371,3,12,417.35,16,0,0,1,1,2026-03-31
101371,4,18,2317.98,12,1,0,0,0,2026-04-30
101371,5,16,1258.95,10,0,0,1,1,2026-05-31
101371,6,10,1160.46,18,0,1,1,0,2026-06-30
101372,1,28,3008.88,16,0,0,1,1,2026-01-31
101372,2,26,3781.68,24,0,0,1,0,2026-02-28
101372,3,32,2959.57,13,1,0,1,1,2026-03-31
101372,4,13,975.0,10,0,1,1,0,2026-04-30
101372,5,25,2296.34,8,0,1,1,0,2026-05-31
101372,6,20,1817.14,10,1,0,1,0,2026-06-30
101373,1,5,616.09,10,1,1,1,1,2026-01-31
101373,2,6,793.3,18,0,0,1,0,2026-02-28
101373,3,7,955.83,6,0,1,1,0,2026-03-31
101373,4,12,634.29,24,0,0,0,0,2026-04-30
101373,5,6,786.97,10,0,0,0,0,2026-05-31
101373,6,8,530.59,5,1,0,0,0,2026-06-30
101374,1,13,1275.73,17,1,0,1,0,2026-01-31
101374,2,6,552.27,16,1,1,0,0,2026-02-28
101374,3,11,631.27,9,0,0,0,1,2026-03-31
101374,4,6,334.93,14,1,0,1,1,2026-04-30
101374,5,9,332.44,7,1,0,1,1,2026-05-31
101374,6,14,1895.66,10,0,1,1,0,2026-06-30
101375,1,15,1372.06,8,0,0,1,0,2026-01-31
101375,2,13,404.97,17,0,0,1,1,2026-02-28
101375,3,11,659.71,12,0,0,1,0,2026-03-31
101375,4,14,985.94,18,0,0,1,1,2026-04-30
101375,5,11,1007.02,11,0,0,1,0,2026-05-31
101375,6,7,462.27,13,0,0,1,0,2026-06-30
101376,1,9,885.33,15,0,1,1,0,2026-01-31
101376,2,11,328.09,10,1,0,0,0,2026-02-28
101376,3,19,1491.29,5,0,0,1,0,2026-03-31
101376,4,15,715.75,8,0,1,0,0,2026-04-30
101376,5,19,1302.49,14,0,1,1,0,2026-05-31
101376,6,22,2227.14,15,1,0,1,0,2026-06-30
101377,1,7,540.75,5,2,1,1,0,2026-01-31
101377,2,8,604.26,10,0,0,1,0,2026-02-28
101377,3,16,1391.52,7,1,0,1,0,2026-03-31
101377,4,10,220.86,13,0,0,1,1,2026-04-30
101377,5,7,556.73,7,0,0,0,0,2026-05-31
101377,6,8,706.85,17,0,0,1,0,2026-06-30
101378,1,13,585.51,12,0,1,1,1,2026-01-31
101378,2,23,1165.48,11,0,1,0,0,2026-02-28
101378,3,16,1854.85,13,0,0,1,1,2026-03-31
101378,4,10,822.48,8,0,0,0,0,2026-04-30
101378,5,25,3237.26,5,0,1,1,0,2026-05-31
101378,6,14,382.82,6,0,0,1,0,2026-06-30
101379,1,14,1822.79,14,0,0,0,1,2026-01-31
101379,2,11,227.75,9,1,1,1,0,2026-02-28
101379,3,21,2427.85,6,1,0,1,0,2026-03-31
101379,4,11,960.2,15,1,1,1,0,2026-04-30
101379,5,12,1494.01,13,0,0,1,0,2026-05-31
101379,6,11,590.89,10,0,0,0,0,2026-06-30
101380,1,18,1813.22,5,0,0,1,0,2026-01-31
101380,2,18,1686.5,7,0,0,1,0,2026-02-28
101380,3,10,1304.39,16,0,0,1,1,2026-03-31
101380,4,19,2590.53,21,1,0,1,1,2026-04-30
101380,5,11,520.85,15,0,0,1,0,2026-05-31
101380,6,18,2247.67,15,1,1,0,0,2026-06-30
101381,1,9,700.3,7,0,0,1,1,2026-01-31
101381,2,6,627.57,7,0,0,0,0,2026-02-28
101381,3,12,657.48,6,0,0,0,0,2026-03-31
101381,4,13,1069.82,9,2,0,0,0,2026-04-30
101381,5,12,504.02,7,1,1,1,0,2026-05-31
101381,6,7,560.29,18,1,0,0,0,2026-06-30
101382,1,6,264.18,16,0,1,1,1,2026-01-31
101382,2,5,416.88,9,2,0,1,1,2026-02-28
101382,3,5,461.8,14,0,0,1,0,2026-03-31
101382,4,12,1256.08,12,2,0,1,0,2026-04-30
101382,5,9,1319.19,8,1,1,1,0,2026-05-31
101382,6,11,493.05,7,0,1,1,1,2026-06-30
101383,1,6,455.47,7,0,0,1,0,2026-01-31
101383,2,8,714.13,6,1,0,1,0,2026-02-28
101383,3,7,382.39,6,0,0,1,0,2026-03-31
101383,4,5,449.88,10,0,1,1,0,2026-04-30
101383,5,7,473.37,12,0,1,1,1,2026-05-31
101383,6,6,347.3,9,0,0,1,0,2026-06-30
101384,1,28,2153.51,16,0,0,1,0,2026-01-31
101384,2,31,4222.69,11,2,1,0,1,2026-02-28
101384,3,13,1555.37,13,1,0,0,0,2026-03-31
101384,4,29,1104.68,16,0,0,1,1,2026-04-30
101384,5,24,1917.93,8,2,1,1,0,2026-05-31
101384,6,15,1545.44,8,0,0,1,1,2026-06-30
101385,1,25,869.06,7,1,0,1,0,2026-01-31
101385,2,14,1767.12,19,0,0,0,0,2026-02-28
101385,3,12,1016.34,5,0,1,1,0,2026-03-31
101385,4,21,2376.52,11,0,0,0,0,2026-04-30
101385,5,20,1842.34,9,0,1,1,0,2026-05-31
101385,6,23,3355.21,5,0,0,1,1,2026-06-30
101386,1,5,192.33,8,0,0,0,0,2026-01-31
101386,2,4,577.84,9,0,0,1,0,2026-02-28
101386,3,7,681.51,13,0,0,0,0,2026-03-31
101386,4,6,751.22,11,0,1,1,0,2026-04-30
101386,5,2,297.5,15,0,0,1,0,2026-05-31
101386,6,3,189.87,17,0,0,0,0,2026-06-30
101387,1,11,242.28,20,0,0,1,0,2026-01-31
101387,2,14,1736.79,15,0,0,1,0,2026-02-28
101387,3,9,1158.88,13,0,0,0,0,2026-03-31
101387,4,7,1016.32,10,0,0,1,0,2026-04-30
101387,5,6,790.91,11,1,1,0,0,2026-05-31
101387,6,8,276.86,18,1,0,1,0,2026-06-30
101388,1,24,2932.27,12,0,0,1,0,2026-01-31
101388,2,24,2890.51,11,0,0,1,0,2026-02-28
101388,3,24,3589.52,6,0,0,1,0,2026-03-31
101388,4,29,2381.76,19,0,1,1,0,2026-04-30
101388,5,13,1169.9,9,0,0,0,0,2026-05-31
101388,6,20,1792.06,8,1,0,0,1,2026-06-30
101389,1,3,136.71,11,2,0,1,0,2026-01-31
101389,2,5,108.68,17,1,0,1,0,2026-02-28
101389,3,4,237.91,23,1,0,0,0,2026-03-31
101389,4,4,261.62,9,0,1,0,0,2026-04-30
101389,5,3,236.04,13,0,0,0,0,2026-05-31
101389,6,5,230.8,18,0,1,0,0,2026-06-30
101390,1,10,1207.13,9,0,0,1,0,2026-01-31
101390,2,19,564.96,14,0,0,0,0,2026-02-28
101390,3,8,647.05,13,0,1,1,0,2026-03-31
101390,4,19,1301.96,6,0,1,0,0,2026-04-30
101390,5,11,452.71,14,1,1,1,0,2026-05-31
101390,6,18,2569.45,16,0,0,1,1,2026-06-30
101391,1,9,1121.18,12,1,1,1,0,2026-01-31
101391,2,7,985.06,10,0,1,1,0,2026-02-28
101391,3,4,215.84,11,3,0,0,0,2026-03-31
101391,4,6,454.55,14,0,0,0,0,2026-04-30
101391,5,9,771.79,17,1,0,0,0,2026-05-31
101391,6,10,801.15,10,0,1,1,0,2026-06-30
101392,1,5,579.23,21,0,0,1,0,2026-01-31
101392,2,8,719.28,8,0,0,1,0,2026-02-28
101392,3,10,1151.61,12,3,1,1,0,2026-03-31
101392,4,8,655.48,11,0,0,1,0,2026-04-30
101392,5,8,497.81,10,0,0,1,0,2026-05-31
101392,6,5,259.57,10,2,1,1,1,2026-06-30
101393,1,12,1018.21,11,0,1,1,0,2026-01-31
101393,2,26,1327.4,8,0,1,1,0,2026-02-28
101393,3,12,1354.81,9,0,0,0,0,2026-03-31
101393,4,19,475.47,13,0,1,1,0,2026-04-30
101393,5,15,1983.29,7,0,0,1,0,2026-05-31
101393,6,25,3201.78,9,1,0,1,0,2026-06-30
101394,1,10,1147.88,11,2,0,0,0,2026-01-31
101394,2,10,1427.02,21,2,0,1,1,2026-02-28
101394,3,5,504.4,18,0,1,1,0,2026-03-31
101394,4,10,1276.13,10,0,0,1,0,2026-04-30
101394,5,11,1080.02,12,0,1,1,0,2026-05-31
101394,6,10,1079.79,16,0,0,1,0,2026-06-30
101395,1,23,1622.24,13,0,0,1,0,2026-01-31
101395,2,23,2657.03,11,0,1,1,0,2026-02-28
101395,3,20,1778.74,18,1,1,0,0,2026-03-31
101395,4,15,500.3,10,2,1,1,0,2026-04-30
101395,5,23,1483.23,11,0,0,1,1,2026-05-31
101395,6,19,583.69,15,0,0,1,0,2026-06-30
101396,1,2,143.36,15,0,0,0,0,2026-01-31
101396,2,3,242.94,13,0,0,0,0,2026-02-28
101396,3,4,181.3,17,0,0,0,0,2026-03-31
101396,4,4,121.41,15,1,0,1,0,2026-04-30
101396,5,6,754.32,11,0,1,0,0,2026-05-31
101396,6,3,169.69,13,0,0,1,0,2026-06-30
101397,1,5,390.13,12,0,1,0,1,2026-01-31
101397,2,9,461.08,10,0,1,0,0,2026-02-28
101397,3,4,191.45,10,0,1,0,0,2026-03-31
101397,4,5,704.31,13,0,1,0,0,2026-04-30
101397,5,8,918.99,9,0,1,0,0,2026-05-31
101397,6,10,1194.22,20,1,0,1,0,2026-06-30
101398,1,13,1946.45,9,1,0,0,1,2026-01-31
101398,2,5,643.39,16,1,1,0,1,2026-02-28
101398,3,14,787.47,7,3,0,1,0,2026-03-31
101398,4,6,601.88,7,0,0,0,0,2026-04-30
101398,5,8,1049.27,15,0,0,1,0,2026-05-31
101398,6,9,335.68,13,0,1,1,0,2026-06-30
101399,1,24,1325.86,11,0,1,1,0,2026-01-31
101399,2,13,1350.67,10,2,0,1,0,2026-02-28
101399,3,24,2632.47,12,1,1,1,0,2026-03-31
101399,4,19,2647.41,14,0,0,1,0,2026-04-30
101399,5,24,2997.78,12,0,0,1,1,2026-05-31
101399,6,23,2861.05,13,0,1,1,0,2026-06-30
101400,1,9,1219.05,14,0,0,1,1,2026-01-31
101400,2,12,1700.36,13,2,0,1,0,2026-02-28
101400,3,11,1504.12,20,0,0,1,0,2026-03-31
101400,4,13,436.94,15,2,1,1,0,2026-04-30
101400,5,13,1850.51,15,2,0,1,0,2026-05-31
101400,6,11,1335.91,12,0,0,1,0,2026-06-30
101401,1,10,216.8,9,1,1,1,0,2026-01-31
101401,2,10,1285.4,7,0,0,0,0,2026-02-28
101401,3,8,655.19,11,1,1,1,1,2026-03-31
101401,4,14,482.95,11,0,0,0,0,2026-04-30
101401,5,12,427.33,11,0,1,0,0,2026-05-31
101401,6,19,1384.87,5,1,0,1,0,2026-06-30
101402,1,14,1524.94,17,0,0,1,0,2026-01-31
101402,2,14,2014.97,10,2,1,1,0,2026-02-28
101402,3,17,420.88,14,0,0,1,0,2026-03-31
101402,4,18,1219.27,21,0,0,0,0,2026-04-30
101402,5,23,2651.01,6,1,0,1,0,2026-05-31
101402,6,23,2995.72,8,1,1,0,0,2026-06-30
101403,1,19,1538.34,19,0,0,1,0,2026-01-31
101403,2,23,1663.08,12,1,0,0,0,2026-02-28
101403,3,11,784.14,17,1,0,1,0,2026-03-31
101403,4,16,878.27,14,0,0,1,0,2026-04-30
101403,5,14,1795.31,24,0,0,0,0,2026-05-31
101403,6,28,3315.33,17,0,0,1,0,2026-06-30
101404,1,8,788.12,9,0,0,1,0,2026-01-31
101404,2,12,359.49,10,0,0,0,0,2026-02-28
101404,3,9,830.26,10,0,0,1,0,2026-03-31
101404,4,11,1632.26,17,1,0,1,0,2026-04-30
101404,5,12,943.0,13,0,1,0,0,2026-05-31
101404,6,10,1429.31,6,1,1,1,0,2026-06-30
101405,1,9,669.88,12,0,0,1,0,2026-01-31
101405,2,5,275.21,18,0,0,1,1,2026-02-28
101405,3,13,724.53,14,0,1,1,0,2026-03-31
101405,4,7,329.64,9,1,0,1,1,2026-04-30
101405,5,6,829.87,12,0,1,0,0,2026-05-31
101405,6,12,1674.39,17,1,0,1,0,2026-06-30
101406,1,8,252.75,10,0,1,1,0,2026-01-31
101406,2,15,557.56,10,0,0,1,0,2026-02-28
101406,3,6,849.02,18,1,0,0,0,2026-03-31
101406,4,12,393.14,15,1,0,0,0,2026-04-30
101406,5,10,557.12,22,1,0,1,0,2026-05-31
101406,6,13,524.25,22,1,1,1,0,2026-06-30
101407,1,16,1631.8,22,0,1,1,1,2026-01-31
101407,2,16,808.58,8,0,0,0,0,2026-02-28
101407,3,11,1043.8,15,2,1,1,0,2026-03-31
101407,4,10,1179.25,9,0,0,1,0,2026-04-30
101407,5,7,1046.04,13,0,1,1,0,2026-05-31
101407,6,7,801.98,14,0,0,1,0,2026-06-30
101408,1,12,1357.3,11,0,0,1,1,2026-01-31
101408,2,15,2112.68,12,0,0,1,1,2026-02-28
101408,3,16,734.45,15,0,0,1,1,2026-03-31
101408,4,10,1404.1,12,0,1,1,0,2026-04-30
101408,5,15,1121.44,10,0,1,1,0,2026-05-31
101408,6,18,1721.73,11,1,0,1,1,2026-06-30
101409,1,5,470.03,14,0,0,1,0,2026-01-31
101409,2,10,828.59,12,0,1,1,0,2026-02-28
101409,3,4,361.68,12,0,0,0,0,2026-03-31
101409,4,9,423.41,18,0,0,1,1,2026-04-30
101409,5,8,178.08,13,1,1,0,0,2026-05-31
101409,6,7,972.02,12,1,0,1,0,2026-06-30
101410,1,17,2296.91,19,1,0,0,0,2026-01-31
101410,2,13,1287.26,15,0,1,1,0,2026-02-28
101410,3,14,1715.41,9,1,0,1,0,2026-03-31
101410,4,8,997.12,22,1,0,1,0,2026-04-30
101410,5,11,1050.86,7,1,1,1,1,2026-05-31
101410,6,12,301.74,7,0,0,0,0,2026-06-30
101411,1,23,976.92,13,0,0,0,0,2026-01-31
101411,2,17,2265.15,9,2,0,0,1,2026-02-28
101411,3,28,1055.97,8,0,0,0,1,2026-03-31
101411,4,29,845.03,7,0,0,1,0,2026-04-30
101411,5,11,1293.86,22,0,0,1,0,2026-05-31
101411,6,27,1239.13,15,0,1,1,0,2026-06-30
101412,1,7,521.73,13,1,1,1,0,2026-01-31
101412,2,12,572.63,13,0,1,0,0,2026-02-28
101412,3,9,314.67,7,0,0,1,0,2026-03-31
101412,4,9,580.61,4,1,1,1,1,2026-04-30
101412,5,11,1011.11,9,0,0,1,1,2026-05-31
101412,6,6,459.71,13,0,0,0,0,2026-06-30
101413,1,19,1263.0,9,0,0,0,1,2026-01-31
101413,2,16,823.36,9,0,0,1,0,2026-02-28
101413,3,19,1515.33,9,1,0,1,0,2026-03-31
101413,4,10,1366.42,11,0,1,1,0,2026-04-30
101413,5,18,905.16,24,0,0,1,1,2026-05-31
101413,6,10,535.77,20,0,0,1,0,2026-06-30
101414,1,6,775.71,11,0,0,0,0,2026-01-31
101414,2,11,1154.88,14,0,1,1,0,2026-02-28
101414,3,9,1147.38,10,0,0,1,0,2026-03-31
101414,4,14,1801.98,7,0,1,1,0,2026-04-30
101414,5,13,820.45,17,0,0,0,1,2026-05-31
101414,6,14,1136.46,18,1,1,1,1,2026-06-30
101415,1,6,199.2,13,1,1,1,0,2026-01-31
101415,2,7,932.49,14,0,0,0,0,2026-02-28
101415,3,5,731.54,8,0,0,1,0,2026-03-31
101415,4,9,1108.34,8,1,1,0,0,2026-04-30
101415,5,4,443.96,17,2,0,0,0,2026-05-31
101415,6,5,676.52,6,1,0,1,1,2026-06-30
101416,1,7,319.24,6,0,0,0,0,2026-01-31
101416,2,15,382.15,20,0,0,1,0,2026-02-28
101416,3,10,204.05,9,0,1,0,0,2026-03-31
101416,4,9,201.05,7,1,0,0,0,2026-04-30
101416,5,12,1735.99,10,0,0,0,0,2026-05-31
101416,6,12,1134.15,10,1,0,1,1,2026-06-30
101417,1,11,1285.11,7,0,0,1,0,2026-01-31
101417,2,6,768.4,11,0,0,0,0,2026-02-28
101417,3,12,449.92,6,0,0,1,0,2026-03-31
101417,4,7,392.46,16,0,1,1,0,2026-04-30
101417,5,13,882.58,11,1,1,1,0,2026-05-31
101417,6,12,1742.85,11,0,0,1,0,2026-06-30
101418,1,11,700.61,9,0,1,0,1,2026-01-31
101418,2,11,1054.08,7,1,0,0,0,2026-02-28
101418,3,6,685.11,8,0,0,1,0,2026-03-31
101418,4,8,196.91,11,0,0,1,0,2026-04-30
101418,5,11,1521.91,13,0,0,1,1,2026-05-31
101418,6,6,702.21,16,0,1,1,0,2026-06-30
101419,1,31,1194.05,9,0,0,0,0,2026-01-31
101419,2,26,602.84,9,1,1,1,0,2026-02-28
101419,3,35,3326.68,14,0,1,1,1,2026-03-31
101419,4,34,2314.78,17,0,0,1,0,2026-04-30
101419,5,24,2112.62,15,0,0,0,0,2026-05-31
101419,6,16,354.42,10,0,1,0,0,2026-06-30
101420,1,12,613.4,21,1,1,1,0,2026-01-31
101420,2,11,685.86,10,0,1,0,0,2026-02-28
101420,3,13,1922.64,14,1,0,1,0,2026-03-31
101420,4,12,516.63,7,0,0,0,0,2026-04-30
101420,5,13,967.58,12,1,0,1,0,2026-05-31
101420,6,10,818.62,11,1,0,1,0,2026-06-30
101421,1,18,2254.68,10,0,1,1,0,2026-01-31
101421,2,17,1484.38,19,2,0,1,0,2026-02-28
101421,3,10,569.47,10,1,0,0,0,2026-03-31
101421,4,18,1767.09,8,0,1,0,0,2026-04-30
101421,5,18,911.2,11,0,1,1,0,2026-05-31
101421,6,9,1286.73,6,0,0,1,0,2026-06-30
101422,1,8,1028.67,9,0,1,1,0,2026-01-31
101422,2,8,611.34,12,0,0,0,0,2026-02-28
101422,3,7,880.6,13,0,1,1,0,2026-03-31
101422,4,5,403.87,10,0,1,1,0,2026-04-30
101422,5,4,584.65,7,0,0,0,0,2026-05-31
101422,6,9,894.17,7,0,0,1,0,2026-06-30
101423,1,13,1464.55,16,1,1,1,0,2026-01-31
101423,2,14,1867.71,14,2,1,1,0,2026-02-28
101423,3,10,213.86,8,0,1,1,0,2026-03-31
101423,4,11,453.96,5,0,1,1,0,2026-04-30
101423,5,9,1115.26,13,0,1,1,0,2026-05-31
101423,6,8,308.25,10,0,0,1,1,2026-06-30
101424,1,4,454.57,5,0,0,1,0,2026-01-31
101424,2,5,117.78,18,0,0,1,0,2026-02-28
101424,3,3,301.38,14,1,1,1,0,2026-03-31
101424,4,5,515.6,10,1,0,1,0,2026-04-30
101424,5,6,199.01,9,1,0,1,0,2026-05-31
101424,6,7,190.82,21,0,1,1,0,2026-06-30
101425,1,6,491.85,8,1,0,1,0,2026-01-31
101425,2,10,1426.22,14,0,0,1,0,2026-02-28
101425,3,8,1044.12,24,0,0,1,1,2026-03-31
101425,4,12,1272.19,9,1,0,1,0,2026-04-30
101425,5,6,146.01,7,0,0,1,0,2026-05-31
101425,6,9,1028.24,7,0,0,1,1,2026-06-30
101426,1,11,1000.66,13,0,0,0,0,2026-01-31
101426,2,16,1760.95,20,0,1,1,1,2026-02-28
101426,3,9,916.2,13,1,1,0,0,2026-03-31
101426,4,18,847.05,23,0,1,1,1,2026-04-30
101426,5,11,261.29,16,1,0,1,1,2026-05-31
101426,6,19,2837.31,10,1,1,0,0,2026-06-30
101427,1,11,1006.82,11,0,0,0,1,2026-01-31
101427,2,6,826.97,11,1,0,0,1,2026-02-28
101427,3,10,766.96,8,2,1,0,1,2026-03-31
101427,4,14,1051.24,10,0,0,1,0,2026-04-30
101427,5,11,1020.79,8,2,0,0,0,2026-05-31
101427,6,7,213.77,7,0,0,1,0,2026-06-30
101428,1,16,2323.67,15,0,0,1,0,2026-01-31
101428,2,21,2129.71,20,0,0,1,0,2026-02-28
101428,3,23,1434.31,15,0,0,0,0,2026-03-31
101428,4,23,591.49,4,0,1,0,1,2026-04-30
101428,5,10,860.21,8,1,0,1,0,2026-05-31
101428,6,14,1959.42,12,0,1,0,0,2026-06-30
101429,1,17,2321.37,15,0,0,1,0,2026-01-31
101429,2,9,1247.42,16,1,0,0,1,2026-02-28
101429,3,13,1046.91,13,0,0,1,1,2026-03-31
101429,4,16,341.68,16,0,0,1,0,2026-04-30
101429,5,11,615.02,13,0,1,1,0,2026-05-31
101429,6,7,232.49,12,1,1,1,1,2026-06-30
101430,1,9,305.48,8,0,0,1,0,2026-01-31
101430,2,16,971.61,16,1,1,0,0,2026-02-28
101430,3,16,434.05,8,0,1,1,0,2026-03-31
101430,4,16,970.04,17,0,1,0,0,2026-04-30
101430,5,10,1433.54,7,0,0,1,0,2026-05-31
101430,6,13,1310.19,10,0,0,1,1,2026-06-30
101431,1,14,1922.18,18,0,0,1,0,2026-01-31
101431,2,15,1472.21,7,0,0,1,0,2026-02-28
101431,3,12,1322.69,9,0,0,0,1,2026-03-31
101431,4,17,689.65,11,0,1,1,0,2026-04-30
101431,5,15,1474.1,22,0,0,1,1,2026-05-31
101431,6,9,597.78,8,0,0,0,1,2026-06-30
101432,1,6,757.67,18,0,0,1,0,2026-01-31
101432,2,8,847.81,4,0,1,1,1,2026-02-28
101432,3,9,1337.13,13,0,0,1,0,2026-03-31
101432,4,7,787.58,7,0,0,1,0,2026-04-30
101432,5,9,644.47,4,0,0,0,0,2026-05-31
101432,6,8,801.76,9,0,0,0,0,2026-06-30
101433,1,22,2387.96,13,0,0,1,0,2026-01-31
101433,2,25,712.49,7,1,0,1,1,2026-02-28
101433,3,15,1483.68,13,1,0,0,0,2026-03-31
101433,4,25,1090.71,14,0,0,0,0,2026-04-30
101433,5,23,1908.48,14,0,0,1,0,2026-05-31
101433,6,22,2653.23,13,0,0,1,0,2026-06-30
101434,1,17,1326.16,19,2,0,1,0,2026-01-31
101434,2,14,675.9,6,0,0,1,1,2026-02-28
101434,3,15,653.07,21,0,0,1,0,2026-03-31
101434,4,20,2761.37,11,1,0,1,0,2026-04-30
101434,5,8,1008.58,18,0,1,0,0,2026-05-31
101434,6,18,2531.57,17,0,0,0,0,2026-06-30
101435,1,8,768.7,15,2,1,1,0,2026-01-31
101435,2,9,1226.84,18,0,0,1,0,2026-02-28
101435,3,7,325.0,12,2,1,1,1,2026-03-31
101435,4,11,1585.8,11,1,0,0,1,2026-04-30
101435,5,8,591.55,6,0,0,1,0,2026-05-31
101435,6,7,1028.01,9,2,0,1,0,2026-06-30
101436,1,19,1721.84,11,1,0,1,0,2026-01-31
101436,2,10,1033.17,8,1,1,0,0,2026-02-28
101436,3,18,2029.47,13,0,0,1,1,2026-03-31
101436,4,9,730.75,8,0,1,0,0,2026-04-30
101436,5,15,448.0,10,0,0,1,0,2026-05-31
101436,6,15,577.7,8,0,0,1,0,2026-06-30
101437,1,33,3991.57,16,1,0,1,0,2026-01-31
101437,2,21,3132.24,8,0,1,0,0,2026-02-28
101437,3,30,4399.99,12,0,1,0,0,2026-03-31
101437,4,30,2445.98,13,0,1,1,0,2026-04-30
101437,5,25,3069.37,6,1,1,1,0,2026-05-31
101437,6,33,4923.98,12,0,0,1,0,2026-06-30
101438,1,14,1743.54,9,0,1,1,0,2026-01-31
101438,2,8,1067.65,13,0,1,1,0,2026-02-28
101438,3,8,328.8,17,0,0,0,0,2026-03-31
101438,4,17,1686.87,4,0,1,1,1,2026-04-30
101438,5,19,1027.65,14,0,0,1,1,2026-05-31
101438,6,9,739.94,2,0,0,0,0,2026-06-30
101439,1,15,656.65,10,0,1,1,0,2026-01-31
101439,2,14,1065.32,12,0,1,1,0,2026-02-28
101439,3,31,2791.53,6,0,1,1,0,2026-03-31
101439,4,24,1142.28,13,0,0,1,0,2026-04-30
101439,5,27,3030.19,18,1,1,1,0,2026-05-31
101439,6,28,1865.48,10,0,0,1,1,2026-06-30
101440,1,16,597.21,21,1,1,0,0,2026-01-31
101440,2,13,1554.77,8,1,1,1,0,2026-02-28
101440,3,13,418.42,15,1,1,1,1,2026-03-31
101440,4,18,1488.1,11,0,1,0,1,2026-04-30
101440,5,16,700.67,12,0,0,0,0,2026-05-31
101440,6,15,1226.5,26,0,0,1,0,2026-06-30
101441,1,11,1023.12,6,0,1,0,0,2026-01-31
101441,2,15,371.12,23,0,0,1,1,2026-02-28
101441,3,15,1030.98,5,0,0,0,0,2026-03-31
101441,4,18,1032.0,13,0,0,0,0,2026-04-30
101441,5,25,3721.98,5,0,0,1,0,2026-05-31
101441,6,17,660.28,15,0,0,1,0,2026-06-30
101442,1,18,1518.16,19,0,1,1,0,2026-01-31
101442,2,21,1272.84,9,1,0,0,0,2026-02-28
101442,3,10,1363.03,11,0,0,1,0,2026-03-31
101442,4,12,1573.94,4,0,0,1,1,2026-04-30
101442,5,10,1226.02,10,0,0,1,0,2026-05-31
101442,6,14,1160.09,14,1,1,1,0,2026-06-30
101443,1,3,77.76,20,1,0,1,1,2026-01-31
101443,2,5,111.58,10,0,0,1,0,2026-02-28
101443,3,2,89.7,22,1,1,1,0,2026-03-31
101443,4,6,210.89,12,1,1,0,0,2026-04-30
101443,5,4,292.71,12,0,1,0,0,2026-05-31
101443,6,6,803.25,11,0,0,0,0,2026-06-30
101444,1,18,860.56,15,0,0,1,0,2026-01-31
101444,2,26,2876.43,19,0,1,1,1,2026-02-28
101444,3,11,1243.56,8,2,0,1,0,2026-03-31
101444,4,14,1637.03,10,1,1,1,0,2026-04-30
101444,5,15,1382.55,8,2,1,0,1,2026-05-31
101444,6,28,3472.06,16,0,0,1,0,2026-06-30
101445,1,8,623.47,16,1,0,1,0,2026-01-31
101445,2,8,382.27,24,0,0,1,0,2026-02-28
101445,3,7,604.4,5,0,0,1,0,2026-03-31
101445,4,6,548.32,10,0,0,0,0,2026-04-30
101445,5,5,335.72,10,0,0,0,0,2026-05-31
101445,6,6,551.13,14,0,0,1,1,2026-06-30
101446,1,22,940.91,17,1,0,1,1,2026-01-31
101446,2,15,314.72,12,0,0,1,0,2026-02-28
101446,3,29,4274.0,15,1,0,0,0,2026-03-31
101446,4,22,1735.65,19,0,1,1,0,2026-04-30
101446,5,29,830.4,11,1,0,1,1,2026-05-31
101446,6,29,3866.49,13,1,0,1,0,2026-06-30
101447,1,6,280.83,14,1,0,1,1,2026-01-31
101447,2,11,845.6,16,0,0,1,1,2026-02-28
101447,3,8,1138.39,18,2,0,1,0,2026-03-31
101447,4,6,527.06,15,1,1,1,0,2026-04-30
101447,5,8,930.45,5,1,0,1,0,2026-05-31
101447,6,5,669.2,11,0,1,0,0,2026-06-30
101448,1,6,869.44,12,0,0,0,1,2026-01-31
101448,2,9,917.69,12,1,0,1,0,2026-02-28
101448,3,6,720.27,22,0,0,1,1,2026-03-31
101448,4,9,241.09,15,0,0,1,1,2026-04-30
101448,5,6,899.44,19,0,0,1,0,2026-05-31
101448,6,9,306.25,11,0,1,1,0,2026-06-30
101449,1,12,1640.29,8,0,1,1,0,2026-01-31
101449,2,12,333.08,11,0,1,1,0,2026-02-28
101449,3,11,436.04,16,0,0,1,0,2026-03-31
101449,4,9,401.13,9,1,0,1,0,2026-04-30
101449,5,11,1062.49,14,0,1,1,0,2026-05-31
101449,6,13,1559.16,15,1,1,1,0,2026-06-30
101450,1,16,1376.5,13,1,0,0,0,2026-01-31
101450,2,26,2156.57,13,1,1,1,0,2026-02-28
101450,3,10,835.25,13,0,0,1,0,2026-03-31
101450,4,20,1817.52,6,0,1,1,0,2026-04-30
101450,5,18,1754.56,6,0,1,1,0,2026-05-31
101450,6,25,2791.5,13,0,1,1,0,2026-06-30
101451,1,7,940.81,13,0,1,1,0,2026-01-31
101451,2,8,907.54,20,1,0,0,0,2026-02-28
101451,3,3,282.29,15,1,0,1,0,2026-03-31
101451,4,5,316.78,8,0,1,1,0,2026-04-30
101451,5,6,637.82,14,0,0,0,0,2026-05-31
101451,6,5,595.29,16,0,1,1,0,2026-06-30
101452,1,10,257.16,4,0,0,1,0,2026-01-31
101452,2,11,1461.06,13,0,1,1,0,2026-02-28
101452,3,14,1427.67,12,0,0,1,0,2026-03-31
101452,4,17,699.71,12,0,1,1,0,2026-04-30
101452,5,9,1134.26,10,0,1,0,0,2026-05-31
101452,6,8,700.22,12,0,0,0,1,2026-06-30
101453,1,12,1504.39,12,0,0,0,0,2026-01-31
101453,2,18,681.04,13,2,0,1,0,2026-02-28
101453,3,12,1030.1,19,0,0,1,1,2026-03-31
101453,4,13,448.98,19,0,0,1,0,2026-04-30
101453,5,14,831.77,4,0,0,1,1,2026-05-31
101453,6,9,432.13,15,0,1,1,1,2026-06-30
101454,1,9,594.7,17,0,0,1,0,2026-01-31
101454,2,9,1314.79,10,1,0,0,0,2026-02-28
101454,3,12,1138.3,4,0,0,1,0,2026-03-31
101454,4,10,461.45,13,0,0,1,0,2026-04-30
101454,5,6,319.98,12,0,0,0,0,2026-05-31
101454,6,12,1135.18,10,2,0,0,1,2026-06-30
101455,1,13,1161.66,11,0,1,1,0,2026-01-31
101455,2,12,847.89,4,0,1,1,1,2026-02-28
101455,3,8,386.73,9,1,0,1,0,2026-03-31
101455,4,10,540.53,4,1,0,0,0,2026-04-30
101455,5,9,674.22,10,1,1,1,0,2026-05-31
101455,6,7,306.62,5,1,0,1,1,2026-06-30
101456,1,6,273.32,13,0,1,0,0,2026-01-31
101456,2,9,1342.95,7,0,1,1,0,2026-02-28
101456,3,5,343.84,15,1,1,1,1,2026-03-31
101456,4,9,746.38,16,0,0,1,0,2026-04-30
101456,5,5,728.81,14,1,1,1,1,2026-05-31
101456,6,5,428.55,9,0,0,1,1,2026-06-30
101457,1,17,885.72,4,0,0,1,1,2026-01-31
101457,2,14,370.82,12,1,1,1,0,2026-02-28
101457,3,25,1211.32,7,0,1,1,1,2026-03-31
101457,4,22,1962.74,8,0,1,1,0,2026-04-30
101457,5,12,525.94,12,0,0,0,0,2026-05-31
101457,6,27,571.35,21,1,0,1,0,2026-06-30
101458,1,8,1131.9,11,0,0,1,0,2026-01-31
101458,2,7,600.6,16,1,0,0,0,2026-02-28
101458,3,5,661.03,6,1,0,1,0,2026-03-31
101458,4,9,337.05,10,0,0,1,1,2026-04-30
101458,5,6,139.47,11,0,0,0,1,2026-05-31
101458,6,7,994.74,13,0,1,1,0,2026-06-30
101459,1,12,1439.9,17,0,1,1,0,2026-01-31
101459,2,5,164.65,13,0,0,1,0,2026-02-28
101459,3,5,592.75,11,1,1,1,0,2026-03-31
101459,4,10,558.04,15,0,0,0,0,2026-04-30
101459,5,11,692.05,13,0,0,1,0,2026-05-31
101459,6,7,915.31,11,1,1,0,0,2026-06-30
101460,1,8,264.31,15,0,0,1,0,2026-01-31
101460,2,5,166.33,12,0,1,0,0,2026-02-28
101460,3,8,438.18,11,0,0,1,0,2026-03-31
101460,4,4,467.38,15,0,1,0,1,2026-04-30
101460,5,9,472.35,10,0,1,1,0,2026-05-31
101460,6,9,696.9,9,0,0,0,1,2026-06-30
101461,1,12,1369.36,13,0,1,1,0,2026-01-31
101461,2,18,2256.8,9,2,0,0,0,2026-02-28
101461,3,22,3014.85,16,0,0,1,0,2026-03-31
101461,4,20,1602.89,14,1,0,1,0,2026-04-30
101461,5,11,1325.95,11,0,1,1,0,2026-05-31
101461,6,17,2511.49,9,0,1,0,0,2026-06-30
101462,1,18,747.03,10,0,1,0,1,2026-01-31
101462,2,15,439.4,12,0,1,0,0,2026-02-28
101462,3,20,753.02,17,1,1,1,0,2026-03-31
101462,4,10,1484.84,8,0,1,1,0,2026-04-30
101462,5,17,514.49,11,0,1,1,0,2026-05-31
101462,6,7,866.66,12,0,0,1,0,2026-06-30
101463,1,7,447.76,4,0,1,1,1,2026-01-31
101463,2,7,848.97,10,0,0,1,0,2026-02-28
101463,3,9,1249.14,10,0,0,1,1,2026-03-31
101463,4,8,1043.75,16,0,1,1,0,2026-04-30
101463,5,9,1043.72,6,0,0,1,0,2026-05-31
101463,6,11,1115.54,14,1,0,1,0,2026-06-30
101464,1,12,638.58,13,0,1,0,0,2026-01-31
101464,2,13,650.71,12,0,1,0,0,2026-02-28
101464,3,8,718.25,22,0,1,1,0,2026-03-31
101464,4,11,1598.4,11,0,0,1,0,2026-04-30
101464,5,10,524.7,14,0,1,1,0,2026-05-31
101464,6,14,483.5,13,0,1,0,0,2026-06-30
101465,1,30,1096.56,16,1,0,1,0,2026-01-31
101465,2,23,1547.56,21,0,0,0,0,2026-02-28
101465,3,20,2137.99,6,0,1,1,0,2026-03-31
101465,4,23,2360.06,28,1,1,0,0,2026-04-30
101465,5,23,761.0,10,0,0,1,1,2026-05-31
101465,6,31,3359.02,14,0,1,1,0,2026-06-30
101466,1,7,988.18,14,1,0,1,0,2026-01-31
101466,2,7,872.85,8,0,1,1,0,2026-02-28
101466,3,10,441.91,17,0,1,1,0,2026-03-31
101466,4,10,1495.82,11,0,0,1,1,2026-04-30
101466,5,8,316.73,10,0,0,1,0,2026-05-31
101466,6,8,517.29,14,0,1,1,0,2026-06-30
101467,1,13,1320.16,6,0,0,1,0,2026-01-31
101467,2,18,1187.81,4,0,1,1,0,2026-02-28
101467,3,21,2117.74,18,0,1,1,0,2026-03-31
101467,4,11,1140.1,12,1,1,0,0,2026-04-30
101467,5,18,2154.98,10,0,0,1,0,2026-05-31
101467,6,22,1359.68,10,0,1,1,0,2026-06-30
101468,1,19,1477.72,18,0,0,0,1,2026-01-31
101468,2,18,1444.62,12,0,1,1,0,2026-02-28
101468,3,9,905.92,13,0,0,0,0,2026-03-31
101468,4,8,884.28,10,0,1,1,0,2026-04-30
101468,5,9,759.76,15,2,0,1,0,2026-05-31
101468,6,18,564.73,12,1,0,1,1,2026-06-30
101469,1,6,533.53,14,1,0,1,0,2026-01-31
101469,2,4,568.48,23,0,0,1,0,2026-02-28
101469,3,6,733.55,17,1,1,0,1,2026-03-31
101469,4,5,552.98,18,0,0,0,0,2026-04-30
101469,5,4,253.59,16,0,0,1,0,2026-05-31
101469,6,4,87.29,16,0,1,1,0,2026-06-30
101470,1,27,3112.72,22,2,1,1,0,2026-01-31
101470,2,12,881.0,15,0,1,1,0,2026-02-28
101470,3,26,1995.88,20,0,0,1,0,2026-03-31
101470,4,13,1854.2,9,1,0,1,0,2026-04-30
101470,5,21,3043.42,17,1,1,0,1,2026-05-31
101470,6,12,1291.23,8,1,1,0,0,2026-06-30
101471,1,19,804.32,9,1,0,1,0,2026-01-31
101471,2,13,609.27,9,0,0,1,0,2026-02-28
101471,3,15,1000.27,9,1,0,0,0,2026-03-31
101471,4,14,2092.28,12,1,0,1,1,2026-04-30
101471,5,15,1464.66,7,0,0,0,0,2026-05-31
101471,6,18,694.05,4,1,0,1,0,2026-06-30
101472,1,10,879.07,12,0,0,1,0,2026-01-31
101472,2,8,1104.11,7,0,1,0,0,2026-02-28
101472,3,9,713.67,11,0,1,0,0,2026-03-31
101472,4,4,516.11,5,0,0,1,0,2026-04-30
101472,5,8,697.41,6,0,1,1,0,2026-05-31
101472,6,9,576.13,21,0,1,1,0,2026-06-30
101473,1,24,2392.71,9,0,0,1,0,2026-01-31
101473,2,15,1784.39,7,2,0,0,0,2026-02-28
101473,3,14,1579.14,22,2,0,0,1,2026-03-31
101473,4,12,641.05,10,0,0,1,0,2026-04-30
101473,5,25,2289.17,11,1,0,1,1,2026-05-31
101473,6,26,3526.48,16,0,1,1,1,2026-06-30
101474,1,11,1329.34,12,2,1,1,1,2026-01-31
101474,2,10,423.73,16,0,1,0,0,2026-02-28
101474,3,16,588.95,18,2,1,1,0,2026-03-31
101474,4,9,1185.46,11,0,0,1,0,2026-04-30
101474,5,20,2709.26,9,1,1,1,0,2026-05-31
101474,6,9,1081.91,11,0,0,1,0,2026-06-30
101475,1,15,1720.0,16,1,1,1,0,2026-01-31
101475,2,21,440.16,11,0,0,1,1,2026-02-28
101475,3,18,1775.1,15,2,0,1,1,2026-03-31
101475,4,18,1680.24,11,0,1,1,0,2026-04-30
101475,5,17,1285.66,6,1,1,0,0,2026-05-31
101475,6,22,2659.9,23,0,1,0,0,2026-06-30
101476,1,3,133.83,14,0,1,1,0,2026-01-31
101476,2,5,139.02,15,0,0,1,0,2026-02-28
101476,3,3,124.05,12,0,0,1,1,2026-03-31
101476,4,5,150.82,8,1,0,1,0,2026-04-30
101476,5,6,125.97,9,0,1,0,0,2026-05-31
101476,6,7,438.67,18,0,1,1,0,2026-06-30
101477,1,8,944.28,14,1,0,0,0,2026-01-31
101477,2,6,211.29,8,0,0,1,1,2026-02-28
101477,3,15,949.22,16,0,0,1,0,2026-03-31
101477,4,10,543.91,15,0,0,0,1,2026-04-30
101477,5,13,541.95,19,0,1,1,0,2026-05-31
101477,6,6,273.03,20,0,0,1,0,2026-06-30
101478,1,10,212.93,17,0,1,1,1,2026-01-31
101478,2,10,405.59,21,1,0,1,1,2026-02-28
101478,3,7,157.92,7,1,1,1,0,2026-03-31
101478,4,12,1221.0,14,0,0,1,1,2026-04-30
101478,5,6,245.29,15,1,0,1,0,2026-05-31
101478,6,6,885.57,8,0,1,1,0,2026-06-30
101479,1,10,1380.81,19,0,1,0,1,2026-01-31
101479,2,8,813.49,13,0,1,1,0,2026-02-28
101479,3,11,647.13,16,0,0,0,0,2026-03-31
101479,4,13,1358.77,16,0,1,0,0,2026-04-30
101479,5,13,933.88,18,0,1,1,0,2026-05-31
101479,6,11,702.48,12,0,1,1,0,2026-06-30
101480,1,26,3443.22,6,0,0,1,0,2026-01-31
101480,2,16,1308.71,7,1,1,1,0,2026-02-28
101480,3,24,1634.88,10,1,1,1,0,2026-03-31
101480,4,18,2554.11,16,3,0,0,1,2026-04-30
101480,5,15,1803.95,15,0,1,1,0,2026-05-31
101480,6,29,1577.28,18,0,0,1,0,2026-06-30
101481,1,12,1645.37,9,0,1,1,0,2026-01-31
101481,2,9,1315.58,7,0,0,1,0,2026-02-28
101481,3,14,1728.04,7,0,0,0,0,2026-03-31
101481,4,17,1891.03,7,0,1,1,0,2026-04-30
101481,5,21,1107.16,7,0,0,1,0,2026-05-31
101481,6,11,1516.88,13,0,0,1,0,2026-06-30
101482,1,33,1200.51,6,0,1,1,1,2026-01-31
101482,2,25,693.78,11,0,0,1,1,2026-02-28
101482,3,15,353.22,12,1,1,1,0,2026-03-31
101482,4,18,771.52,9,0,0,1,0,2026-04-30
101482,5,33,1940.97,7,0,0,0,0,2026-05-31
101482,6,24,3598.91,11,0,0,0,1,2026-06-30
101483,1,13,1340.31,11,0,1,0,0,2026-01-31
101483,2,10,535.17,7,0,1,1,0,2026-02-28
101483,3,12,1471.23,15,0,0,1,0,2026-03-31
101483,4,7,153.33,11,0,1,1,1,2026-04-30
101483,5,8,186.97,16,3,1,1,0,2026-05-31
101483,6,9,563.04,19,1,0,1,1,2026-06-30
101484,1,36,3529.26,12,0,0,1,0,2026-01-31
101484,2,32,1909.41,20,1,1,1,0,2026-02-28
101484,3,24,2621.29,9,0,1,1,0,2026-03-31
101484,4,23,501.84,8,0,0,1,0,2026-04-30
101484,5,35,2257.62,9,2,0,0,0,2026-05-31
101484,6,23,889.59,11,0,0,1,0,2026-06-30
101485,1,16,950.56,16,1,0,1,0,2026-01-31
101485,2,27,1754.85,16,3,0,1,1,2026-02-28
101485,3,23,2827.66,14,1,0,0,0,2026-03-31
101485,4,28,3654.45,12,0,0,1,0,2026-04-30
101485,5,30,1239.82,18,0,0,1,0,2026-05-31
101485,6,19,1744.18,11,2,1,0,0,2026-06-30
101486,1,25,1740.64,13,0,1,0,0,2026-01-31
101486,2,13,1939.77,15,0,0,1,0,2026-02-28
101486,3,13,1007.39,15,0,1,0,0,2026-03-31
101486,4,23,3059.77,9,0,0,1,0,2026-04-30
101486,5,20,924.52,8,0,0,1,0,2026-05-31
101486,6,22,1120.96,11,0,0,1,1,2026-06-30
101487,1,17,361.5,13,1,1,1,1,2026-01-31
101487,2,15,2037.92,12,1,1,0,0,2026-02-28
101487,3,17,541.02,7,0,0,0,1,2026-03-31
101487,4,12,1260.92,13,0,1,1,0,2026-04-30
101487,5,21,796.7,9,0,0,1,0,2026-05-31
101487,6,21,520.8,15,0,0,1,0,2026-06-30
101488,1,17,1722.22,6,0,0,0,0,2026-01-31
101488,2,18,458.17,13,0,0,1,0,2026-02-28
101488,3,14,1809.9,12,1,1,0,0,2026-03-31
101488,4,16,512.12,16,1,1,0,0,2026-04-30
101488,5,18,1397.33,7,0,0,1,0,2026-05-31
101488,6,18,1581.89,4,0,0,1,0,2026-06-30
101489,1,6,844.12,9,0,1,0,1,2026-01-31
101489,2,6,130.83,13,0,1,1,0,2026-02-28
101489,3,7,308.56,15,0,0,0,1,2026-03-31
101489,4,4,100.52,12,1,1,1,0,2026-04-30
101489,5,3,444.87,13,0,0,1,0,2026-05-31
101489,6,7,397.06,8,1,0,0,0,2026-06-30
101490,1,6,297.28,6,0,0,0,1,2026-01-31
101490,2,4,534.46,15,1,1,1,0,2026-02-28
101490,3,6,281.31,11,0,1,1,0,2026-03-31
101490,4,8,200.94,11,1,0,1,0,2026-04-30
101490,5,6,632.51,10,0,0,1,0,2026-05-31
101490,6,5,130.11,17,0,0,1,0,2026-06-30
101491,1,12,1494.66,13,0,1,1,1,2026-01-31
101491,2,18,1999.22,11,0,0,1,1,2026-02-28
101491,3,17,1121.59,8,1,0,1,1,2026-03-31
101491,4,17,2359.56,12,0,0,1,0,2026-04-30
101491,5,9,256.17,13,0,0,0,0,2026-05-31
101491,6,14,1795.97,12,0,0,1,1,2026-06-30
101492,1,6,453.8,15,0,0,1,0,2026-01-31
101492,2,6,149.74,6,1,0,1,0,2026-02-28
101492,3,11,463.05,15,1,0,0,0,2026-03-31
101492,4,13,1375.26,7,1,0,0,0,2026-04-30
101492,5,8,803.08,13,0,1,1,0,2026-05-31
101492,6,10,608.1,19,0,1,0,1,2026-06-30
101493,1,18,1884.61,13,0,1,1,0,2026-01-31
101493,2,9,1321.43,16,0,0,0,0,2026-02-28
101493,3,16,593.51,9,1,1,1,1,2026-03-31
101493,4,16,817.27,11,2,1,1,0,2026-04-30
101493,5,16,737.57,19,1,1,1,0,2026-05-31
101493,6,14,1692.14,22,0,1,0,0,2026-06-30
101494,1,16,1479.06,13,0,0,1,0,2026-01-31
101494,2,13,500.0,7,0,0,1,0,2026-02-28
101494,3,11,505.93,6,0,0,1,0,2026-03-31
101494,4,8,487.68,12,0,0,1,0,2026-04-30
101494,5,9,824.95,9,0,0,0,0,2026-05-31
101494,6,6,853.68,10,1,0,0,1,2026-06-30
101495,1,13,900.54,13,0,0,0,0,2026-01-31
101495,2,10,1247.55,16,0,0,1,1,2026-02-28
101495,3,14,953.18,18,0,1,1,0,2026-03-31
101495,4,12,1768.77,23,0,0,1,1,2026-04-30
101495,5,17,658.32,7,1,1,1,1,2026-05-31
101495,6,15,1392.22,10,2,0,1,0,2026-06-30
101496,1,20,568.91,8,0,1,1,0,2026-01-31
101496,2,26,747.54,11,0,0,0,0,2026-02-28
101496,3,19,2406.82,13,0,1,1,1,2026-03-31
101496,4,18,564.82,11,0,1,1,1,2026-04-30
101496,5,25,971.91,13,1,1,1,0,2026-05-31
101496,6,11,445.05,11,0,0,1,0,2026-06-30
101497,1,8,196.27,9,0,1,1,1,2026-01-31
101497,2,14,1946.54,19,4,0,1,0,2026-02-28
101497,3,13,1187.71,12,0,1,1,0,2026-03-31
101497,4,19,2185.32,15,0,1,1,0,2026-04-30
101497,5,13,1870.47,9,0,0,0,0,2026-05-31
101497,6,7,879.35,7,0,0,1,0,2026-06-30
101498,1,11,1278.41,10,0,1,1,1,2026-01-31
101498,2,11,569.06,8,0,0,1,0,2026-02-28
101498,3,11,1534.15,11,0,1,1,0,2026-03-31
101498,4,12,1314.86,14,0,0,1,1,2026-04-30
101498,5,17,503.23,3,1,0,1,0,2026-05-31
101498,6,17,2300.38,11,0,0,1,0,2026-06-30
101499,1,11,1037.4,5,0,1,1,1,2026-01-31
101499,2,15,899.07,10,0,1,1,0,2026-02-28
101499,3,8,987.36,10,0,1,1,0,2026-03-31
101499,4,14,1391.03,17,0,0,1,0,2026-04-30
101499,5,13,841.68,23,0,0,1,0,2026-05-31
101499,6,15,1133.6,11,1,1,1,0,2026-06-30
101500,1,4,401.33,12,0,0,0,0,2026-01-31
101500,2,2,111.77,12,0,0,0,0,2026-02-28
101500,3,3,81.53,3,0,0,1,0,2026-03-31
101500,4,2,198.24,4,0,0,1,0,2026-04-30
101500,5,4,435.02,13,0,1,1,0,2026-05-31
101500,6,5,476.31,13,1,0,0,1,2026-06-30
101501,1,12,1459.98,10,1,1,1,0,2026-01-31
101501,2,11,1095.15,10,2,1,0,0,2026-02-28
101501,3,8,904.77,18,0,1,1,1,2026-03-31
101501,4,7,199.44,5,0,0,0,0,2026-04-30
101501,5,9,833.48,3,1,1,1,0,2026-05-31
101501,6,8,384.15,7,0,1,1,1,2026-06-30
101502,1,15,1177.7,9,1,0,1,0,2026-01-31
101502,2,13,675.68,12,0,0,1,0,2026-02-28
101502,3,27,1885.9,13,0,0,0,0,2026-03-31
101502,4,17,2157.81,20,1,0,0,0,2026-04-30
101502,5,14,891.07,10,0,1,1,0,2026-05-31
101502,6,21,2861.32,8,0,0,1,0,2026-06-30
101503,1,13,1535.05,12,0,1,1,0,2026-01-31
101503,2,14,2095.9,9,0,0,0,0,2026-02-28
101503,3,11,1066.49,10,0,0,1,1,2026-03-31
101503,4,17,2128.36,8,1,0,1,0,2026-04-30
101503,5,8,922.74,7,0,1,1,1,2026-05-31
101503,6,11,528.47,4,0,1,1,0,2026-06-30
101504,1,12,1615.81,8,0,0,1,0,2026-01-31
101504,2,8,191.36,13,0,0,1,0,2026-02-28
101504,3,8,997.1,5,1,0,1,0,2026-03-31
101504,4,13,824.59,5,1,0,0,0,2026-04-30
101504,5,6,125.37,21,2,1,1,0,2026-05-31
101504,6,8,800.63,8,0,0,1,0,2026-06-30
101505,1,14,583.26,15,1,0,0,0,2026-01-31
101505,2,14,1951.23,18,0,1,1,0,2026-02-28
101505,3,6,638.86,18,0,1,1,0,2026-03-31
101505,4,10,982.38,12,1,0,0,0,2026-04-30
101505,5,10,230.13,22,0,0,1,0,2026-05-31
101505,6,11,1100.73,9,0,0,1,0,2026-06-30
101506,1,12,1213.43,10,0,0,1,0,2026-01-31
101506,2,30,3325.14,15,1,0,1,0,2026-02-28
101506,3,27,1761.04,8,0,1,0,0,2026-03-31
101506,4,21,3089.37,13,0,0,0,0,2026-04-30
101506,5,17,640.9,12,0,0,1,0,2026-05-31
101506,6,24,3412.2,10,0,0,0,1,2026-06-30
101507,1,28,1178.01,16,0,0,1,0,2026-01-31
101507,2,31,4025.34,6,0,1,1,0,2026-02-28
101507,3,16,2136.61,12,1,0,1,0,2026-03-31
101507,4,18,516.35,19,1,0,0,1,2026-04-30
101507,5,27,3518.89,9,0,0,0,0,2026-05-31
101507,6,15,527.54,11,0,1,1,0,2026-06-30
101508,1,10,802.61,10,0,0,1,0,2026-01-31
101508,2,14,1492.1,5,0,0,0,0,2026-02-28
101508,3,10,955.57,20,0,0,1,0,2026-03-31
101508,4,5,488.96,7,1,0,1,0,2026-04-30
101508,5,10,1307.61,12,0,0,1,0,2026-05-31
101508,6,7,592.13,14,0,1,1,0,2026-06-30
101509,1,15,516.54,12,1,1,1,1,2026-01-31
101509,2,20,2286.74,8,0,0,0,0,2026-02-28
101509,3,29,2384.31,5,0,1,1,1,2026-03-31
101509,4,17,682.21,9,0,1,1,1,2026-04-30
101509,5,29,2315.64,15,0,0,0,1,2026-05-31
101509,6,18,1983.45,6,1,1,1,0,2026-06-30
101510,1,9,322.84,16,1,0,0,0,2026-01-31
101510,2,4,407.91,8,0,0,1,1,2026-02-28
101510,3,4,155.52,9,0,0,0,0,2026-03-31
101510,4,8,463.44,21,0,1,1,0,2026-04-30
101510,5,10,671.69,22,1,0,1,0,2026-05-31
101510,6,4,173.22,12,0,0,0,0,2026-06-30
101511,1,20,455.02,12,1,1,1,0,2026-01-31
101511,2,26,3482.74,12,2,0,1,1,2026-02-28
101511,3,26,1992.17,12,0,0,1,1,2026-03-31
101511,4,14,1231.36,11,0,1,0,0,2026-04-30
101511,5,17,1761.12,7,1,1,0,0,2026-05-31
101511,6,24,2658.61,13,1,0,1,0,2026-06-30
101512,1,6,432.72,20,1,1,1,0,2026-01-31
101512,2,12,575.46,15,0,0,0,1,2026-02-28
101512,3,11,1013.5,8,0,0,1,1,2026-03-31
101512,4,9,641.0,11,0,0,1,1,2026-04-30
101512,5,7,579.74,10,0,1,1,0,2026-05-31
101512,6,14,1710.68,5,1,1,1,0,2026-06-30
101513,1,8,1090.34,10,0,0,1,0,2026-01-31
101513,2,5,318.12,17,2,1,0,0,2026-02-28
101513,3,7,339.08,15,0,0,1,1,2026-03-31
101513,4,10,398.33,14,0,1,1,0,2026-04-30
101513,5,7,470.66,15,0,0,0,0,2026-05-31
101513,6,10,895.57,11,1,1,1,0,2026-06-30
101514,1,30,1994.49,17,1,1,1,0,2026-01-31
101514,2,21,2653.18,12,0,1,1,0,2026-02-28
101514,3,22,2923.65,15,2,1,1,0,2026-03-31
101514,4,16,1761.05,8,0,0,0,0,2026-04-30
101514,5,31,3840.07,10,0,1,1,0,2026-05-31
101514,6,25,3530.78,14,0,1,1,0,2026-06-30
101515,1,4,349.36,11,0,1,1,1,2026-01-31
101515,2,2,127.63,18,0,0,0,0,2026-02-28
101515,3,5,328.38,20,0,1,0,1,2026-03-31
101515,4,4,111.42,19,1,1,1,0,2026-04-30
101515,5,3,274.93,4,0,0,1,1,2026-05-31
101515,6,2,54.52,10,0,0,1,0,2026-06-30
101516,1,6,857.68,11,0,1,1,0,2026-01-31
101516,2,10,1263.9,9,0,1,1,0,2026-02-28
101516,3,7,352.56,13,0,0,0,0,2026-03-31
101516,4,8,989.43,14,1,1,1,0,2026-04-30
101516,5,4,251.53,14,0,0,1,0,2026-05-31
101516,6,6,343.35,5,0,1,1,0,2026-06-30
101517,1,8,218.01,18,1,1,1,0,2026-01-31
101517,2,7,643.36,12,1,0,1,1,2026-02-28
101517,3,10,1287.8,12,0,0,1,0,2026-03-31
101517,4,10,1385.46,8,1,0,1,1,2026-04-30
101517,5,12,723.82,7,0,1,0,0,2026-05-31
101517,6,15,465.8,17,1,1,1,0,2026-06-30
101518,1,6,614.63,16,0,1,1,0,2026-01-31
101518,2,5,663.01,11,0,0,1,0,2026-02-28
101518,3,4,385.88,19,0,0,0,0,2026-03-31
101518,4,6,810.71,7,2,0,0,0,2026-04-30
101518,5,3,392.92,16,0,1,1,0,2026-05-31
101518,6,4,224.21,8,0,0,1,1,2026-06-30
101519,1,15,1947.21,17,0,0,1,0,2026-01-31
101519,2,16,1474.23,12,0,1,1,1,2026-02-28
101519,3,11,1449.42,7,0,0,1,0,2026-03-31
101519,4,11,405.55,14,0,0,1,1,2026-04-30
101519,5,17,1111.61,13,1,1,1,0,2026-05-31
101519,6,15,401.13,7,0,0,1,0,2026-06-30
101520,1,25,2461.13,18,1,0,0,0,2026-01-31
101520,2,13,452.55,9,0,0,0,0,2026-02-28
101520,3,17,456.68,14,0,1,1,0,2026-03-31
101520,4,14,331.04,7,0,1,1,0,2026-04-30
101520,5,12,1260.53,8,0,0,1,0,2026-05-31
101520,6,22,2105.63,8,0,0,1,0,2026-06-30
101521,1,11,930.21,12,1,0,0,0,2026-01-31
101521,2,6,614.38,20,0,0,1,0,2026-02-28
101521,3,6,855.53,8,0,0,1,0,2026-03-31
101521,4,6,702.19,7,1,0,0,0,2026-04-30
101521,5,10,1444.58,19,0,0,0,0,2026-05-31
101521,6,6,569.27,7,1,0,1,0,2026-06-30
101522,1,19,589.47,18,2,0,1,1,2026-01-31
101522,2,39,5626.77,13,0,1,0,0,2026-02-28
101522,3,18,1672.13,20,1,0,1,1,2026-03-31
101522,4,28,4123.03,13,0,0,0,0,2026-04-30
101522,5,35,3333.99,10,0,0,0,0,2026-05-31
101522,6,15,1926.79,13,0,1,1,0,2026-06-30
101523,1,5,303.6,13,0,1,1,0,2026-01-31
101523,2,6,884.33,10,0,0,1,0,2026-02-28
101523,3,7,592.59,11,0,0,1,0,2026-03-31
101523,4,12,1415.5,11,1,0,1,0,2026-04-30
101523,5,8,423.86,22,0,1,1,0,2026-05-31
101523,6,6,657.54,17,0,0,1,0,2026-06-30
101524,1,10,1449.3,4,0,0,1,0,2026-01-31
101524,2,11,382.05,8,1,0,1,1,2026-02-28
101524,3,9,231.65,23,0,0,1,1,2026-03-31
101524,4,5,197.07,8,0,0,1,0,2026-04-30
101524,5,11,813.02,8,0,0,1,0,2026-05-31
101524,6,9,1339.0,7,0,1,1,1,2026-06-30
101525,1,20,650.07,9,0,0,0,0,2026-01-31
101525,2,9,691.66,11,0,1,1,1,2026-02-28
101525,3,13,1510.37,8,0,0,1,0,2026-03-31
101525,4,18,1964.31,9,1,0,1,0,2026-04-30
101525,5,16,685.77,6,2,0,0,0,2026-05-31
101525,6,20,2533.21,7,0,0,1,0,2026-06-30
101526,1,24,1386.78,10,1,0,1,0,2026-01-31
101526,2,20,2165.58,17,2,0,1,0,2026-02-28
101526,3,21,3086.89,9,1,0,0,0,2026-03-31
101526,4,9,1317.12,14,0,1,0,0,2026-04-30
101526,5,20,849.11,11,0,0,0,1,2026-05-31
101526,6,21,2542.99,11,0,0,0,0,2026-06-30
101527,1,20,2301.6,9,0,1,1,0,2026-01-31
101527,2,19,1946.71,8,0,0,0,0,2026-02-28
101527,3,18,985.47,11,1,1,1,0,2026-03-31
101527,4,24,2318.31,20,1,0,1,0,2026-04-30
101527,5,22,2254.73,11,0,0,1,0,2026-05-31
101527,6,30,1309.33,9,0,1,0,0,2026-06-30
101528,1,20,908.39,4,1,0,1,0,2026-01-31
101528,2,22,2687.76,19,1,0,1,0,2026-02-28
101528,3,15,2153.94,13,0,0,1,0,2026-03-31
101528,4,24,1406.07,10,0,1,1,1,2026-04-30
101528,5,19,1051.2,19,0,0,1,0,2026-05-31
101528,6,16,2122.2,15,0,1,0,0,2026-06-30
101529,1,11,1536.26,6,1,1,1,1,2026-01-31
101529,2,17,1331.35,10,0,0,1,1,2026-02-28
101529,3,11,1620.85,9,0,0,0,0,2026-03-31
101529,4,7,794.89,17,0,0,1,0,2026-04-30
101529,5,18,412.42,16,1,0,1,0,2026-05-31
101529,6,16,1548.86,16,0,1,1,0,2026-06-30
101530,1,6,550.76,14,0,0,1,0,2026-01-31
101530,2,9,742.46,4,0,0,1,1,2026-02-28
101530,3,11,1550.27,10,0,0,1,0,2026-03-31
101530,4,11,1179.02,18,0,1,1,0,2026-04-30
101530,5,12,1224.05,8,0,0,1,1,2026-05-31
101530,6,8,578.56,8,1,0,1,0,2026-06-30
101531,1,6,284.95,15,0,0,0,0,2026-01-31
101531,2,8,575.94,15,0,0,1,1,2026-02-28
101531,3,15,468.16,8,0,0,0,0,2026-03-31
101531,4,7,729.84,17,1,0,1,0,2026-04-30
101531,5,16,1135.28,21,0,1,1,0,2026-05-31
101531,6,8,1144.72,12,1,1,1,1,2026-06-30
101532,1,13,1641.72,13,1,0,1,0,2026-01-31
101532,2,20,2550.8,18,2,0,1,0,2026-02-28
101532,3,17,1900.99,11,0,0,1,0,2026-03-31
101532,4,12,1261.1,14,0,1,1,0,2026-04-30
101532,5,11,566.43,16,0,1,1,0,2026-05-31
101532,6,19,507.74,12,1,1,1,0,2026-06-30
101533,1,16,1183.0,8,1,1,1,0,2026-01-31
101533,2,11,369.44,9,0,0,0,1,2026-02-28
101533,3,8,1032.99,18,1,0,1,0,2026-03-31
101533,4,12,1122.34,12,0,0,1,0,2026-04-30
101533,5,7,993.48,14,1,1,0,0,2026-05-31
101533,6,12,334.25,14,0,0,1,0,2026-06-30
101534,1,5,181.98,19,1,0,1,0,2026-01-31
101534,2,8,610.47,11,0,1,0,0,2026-02-28
101534,3,3,368.74,18,0,1,1,0,2026-03-31
101534,4,6,582.98,10,0,1,0,1,2026-04-30
101534,5,7,265.9,13,1,0,1,0,2026-05-31
101534,6,7,510.54,7,1,0,1,0,2026-06-30
101535,1,15,1809.2,17,0,0,0,0,2026-01-31
101535,2,11,1323.86,11,0,1,0,0,2026-02-28
101535,3,15,1026.18,17,1,1,1,0,2026-03-31
101535,4,12,1654.63,8,0,0,1,0,2026-04-30
101535,5,7,394.65,14,0,0,1,0,2026-05-31
101535,6,15,1594.11,13,0,1,0,0,2026-06-30
101536,1,6,674.23,10,1,0,1,0,2026-01-31
101536,2,7,228.78,8,1,0,1,1,2026-02-28
101536,3,8,265.28,15,0,0,0,1,2026-03-31
101536,4,12,1707.43,10,0,0,0,1,2026-04-30
101536,5,10,1046.15,10,0,0,0,0,2026-05-31
101536,6,8,215.72,11,0,1,1,0,2026-06-30
101537,1,4,492.82,17,0,0,0,0,2026-01-31
101537,2,7,480.09,5,0,0,0,1,2026-02-28
101537,3,7,930.98,4,0,1,0,0,2026-03-31
101537,4,8,979.88,17,1,1,1,0,2026-04-30
101537,5,4,171.13,15,0,1,1,0,2026-05-31
101537,6,9,825.01,11,0,1,1,0,2026-06-30
101538,1,17,1199.49,11,1,0,0,1,2026-01-31
101538,2,10,750.71,15,0,0,1,0,2026-02-28
101538,3,10,1141.09,7,0,1,1,0,2026-03-31
101538,4,16,1015.11,13,1,0,1,0,2026-04-30
101538,5,10,1326.67,9,0,0,1,0,2026-05-31
101538,6,7,1007.16,7,0,0,0,0,2026-06-30
101539,1,5,447.22,7,0,1,0,0,2026-01-31
101539,2,5,284.27,14,0,0,1,0,2026-02-28
101539,3,5,400.44,15,1,1,1,0,2026-03-31
101539,4,7,306.46,14,0,0,0,0,2026-04-30
101539,5,9,1140.56,15,2,0,0,0,2026-05-31
101539,6,5,107.59,9,0,0,1,0,2026-06-30
101540,1,9,933.46,12,0,0,0,1,2026-01-31
101540,2,6,253.17,11,0,1,0,0,2026-02-28
101540,3,10,775.05,8,0,0,1,0,2026-03-31
101540,4,7,949.2,23,0,0,0,0,2026-04-30
101540,5,5,647.8,15,0,1,1,1,2026-05-31
101540,6,7,176.4,20,0,1,0,1,2026-06-30
101541,1,16,696.05,16,0,0,1,0,2026-01-31
101541,2,16,789.46,11,0,0,0,0,2026-02-28
101541,3,14,451.14,7,0,1,1,0,2026-03-31
101541,4,11,247.83,15,1,0,0,1,2026-04-30
101541,5,15,670.7,10,1,0,1,0,2026-05-31
101541,6,13,1934.0,9,0,1,1,1,2026-06-30
101542,1,6,345.03,14,0,0,1,0,2026-01-31
101542,2,8,543.94,12,0,0,1,0,2026-02-28
101542,3,3,78.5,17,0,0,0,0,2026-03-31
101542,4,5,141.43,12,0,1,0,0,2026-04-30
101542,5,3,277.31,11,0,0,1,0,2026-05-31
101542,6,4,544.84,7,0,0,1,0,2026-06-30
101543,1,33,1802.6,6,0,0,1,0,2026-01-31
101543,2,22,1057.45,17,0,1,1,1,2026-02-28
101543,3,14,496.2,17,0,0,0,0,2026-03-31
101543,4,14,1331.09,9,0,0,1,0,2026-04-30
101543,5,29,1813.92,6,0,1,1,0,2026-05-31
101543,6,23,2598.0,15,0,1,0,1,2026-06-30
101544,1,30,1422.23,12,1,0,1,0,2026-01-31
101544,2,24,602.64,18,2,0,0,0,2026-02-28
101544,3,27,3071.23,16,2,0,1,0,2026-03-31
101544,4,23,1551.75,16,0,0,1,0,2026-04-30
101544,5,21,1321.5,4,1,0,0,0,2026-05-31
101544,6,24,3022.54,14,0,0,1,0,2026-06-30
101545,1,8,383.01,18,1,1,1,0,2026-01-31
101545,2,7,538.78,6,3,1,1,0,2026-02-28
101545,3,8,1113.26,18,1,1,0,1,2026-03-31
101545,4,7,562.42,9,0,1,1,0,2026-04-30
101545,5,11,758.94,7,1,1,0,1,2026-05-31
101545,6,14,1112.31,11,0,1,1,0,2026-06-30
101546,1,27,2577.41,6,1,0,1,0,2026-01-31
101546,2,19,1190.74,8,1,1,1,0,2026-02-28
101546,3,19,1432.38,12,1,1,1,0,2026-03-31
101546,4,24,701.65,12,0,1,0,0,2026-04-30
101546,5,12,336.39,13,2,0,1,1,2026-05-31
101546,6,20,1498.54,9,1,1,1,0,2026-06-30
101547,1,4,539.57,12,0,1,0,0,2026-01-31
101547,2,5,356.15,5,0,0,1,1,2026-02-28
101547,3,6,495.61,10,1,1,0,0,2026-03-31
101547,4,6,123.79,7,1,0,1,0,2026-04-30
101547,5,8,205.1,14,1,0,1,0,2026-05-31
101547,6,4,472.17,14,0,1,1,0,2026-06-30
101548,1,11,839.63,13,0,0,1,0,2026-01-31
101548,2,15,1152.76,16,1,0,1,1,2026-02-28
101548,3,17,2405.89,9,1,0,1,0,2026-03-31
101548,4,8,825.52,8,0,1,1,0,2026-04-30
101548,5,15,1448.71,13,0,0,0,0,2026-05-31
101548,6,18,532.39,9,0,0,1,1,2026-06-30
101549,1,15,484.05,7,0,1,1,1,2026-01-31
101549,2,12,555.03,11,0,1,1,0,2026-02-28
101549,3,13,1415.64,5,0,0,0,0,2026-03-31
101549,4,16,1927.97,9,0,1,1,0,2026-04-30
101549,5,9,1272.96,10,0,1,0,0,2026-05-31
101549,6,8,830.49,15,1,1,0,1,2026-06-30
101550,1,17,589.51,14,1,0,1,0,2026-01-31
101550,2,22,914.79,19,0,1,1,0,2026-02-28
101550,3,11,1105.96,14,1,0,0,0,2026-03-31
101550,4,20,2114.71,5,0,0,0,0,2026-04-30
101550,5,22,1314.24,10,0,1,1,0,2026-05-31
101550,6,18,1592.26,7,0,0,1,0,2026-06-30
101551,1,14,1875.62,17,0,1,0,0,2026-01-31
101551,2,33,4601.3,8,0,1,0,0,2026-02-28
101551,3,18,2545.71,16,0,1,0,0,2026-03-31
101551,4,31,1446.06,16,0,1,1,1,2026-04-30
101551,5,15,1645.72,7,0,0,0,0,2026-05-31
101551,6,22,2515.58,9,1,1,1,0,2026-06-30
101552,1,15,360.53,10,0,1,1,0,2026-01-31
101552,2,8,340.12,8,0,0,1,0,2026-02-28
101552,3,6,687.42,11,0,0,1,0,2026-03-31
101552,4,10,880.48,8,0,1,1,0,2026-04-30
101552,5,11,1500.17,8,0,0,1,1,2026-05-31
101552,6,9,1191.09,19,0,0,1,0,2026-06-30
101553,1,31,3803.62,9,1,1,1,0,2026-01-31
101553,2,13,1383.95,7,0,0,1,0,2026-02-28
101553,3,27,4049.72,6,0,0,0,0,2026-03-31
101553,4,26,2366.31,10,2,0,1,0,2026-04-30
101553,5,15,1761.86,9,0,0,1,1,2026-05-31
101553,6,13,1320.48,9,1,0,1,0,2026-06-30
101554,1,11,563.96,12,0,1,1,1,2026-01-31
101554,2,15,556.36,7,0,0,1,0,2026-02-28
101554,3,22,3098.72,14,0,0,1,0,2026-03-31
101554,4,10,684.13,14,0,0,1,0,2026-04-30
101554,5,12,466.63,6,0,1,1,0,2026-05-31
101554,6,14,2011.14,20,1,0,0,0,2026-06-30
101555,1,3,70.86,7,1,0,1,0,2026-01-31
101555,2,2,249.58,14,0,0,0,0,2026-02-28
101555,3,3,375.94,19,0,0,0,0,2026-03-31
101555,4,3,259.9,20,0,0,0,0,2026-04-30
101555,5,3,202.22,8,0,0,1,1,2026-05-31
101555,6,3,310.05,15,0,0,0,0,2026-06-30
101556,1,12,335.84,12,0,0,1,0,2026-01-31
101556,2,8,555.94,14,2,0,1,0,2026-02-28
101556,3,6,326.61,11,0,0,0,0,2026-03-31
101556,4,7,467.45,15,0,0,1,0,2026-04-30
101556,5,10,636.2,5,0,1,1,0,2026-05-31
101556,6,10,804.46,5,1,0,1,0,2026-06-30
101557,1,19,672.74,3,1,1,1,0,2026-01-31
101557,2,22,1798.12,13,0,0,1,0,2026-02-28
101557,3,18,1067.52,11,0,1,1,0,2026-03-31
101557,4,20,2674.88,20,0,0,1,0,2026-04-30
101557,5,20,2104.02,4,1,1,1,0,2026-05-31
101557,6,24,1432.42,22,0,1,0,0,2026-06-30
101558,1,29,3231.79,10,1,1,0,0,2026-01-31
101558,2,17,2426.1,11,0,1,1,0,2026-02-28
101558,3,31,3109.4,21,2,0,1,0,2026-03-31
101558,4,24,1720.91,18,0,1,1,0,2026-04-30
101558,5,31,1323.72,10,0,0,1,0,2026-05-31
101558,6,15,1097.72,2,0,0,1,0,2026-06-30
101559,1,5,692.61,11,0,1,1,0,2026-01-31
101559,2,6,361.85,15,0,1,0,0,2026-02-28
101559,3,9,383.91,10,0,0,0,0,2026-03-31
101559,4,11,692.35,12,1,0,1,0,2026-04-30
101559,5,5,508.91,15,0,0,1,0,2026-05-31
101559,6,9,483.92,10,1,0,1,1,2026-06-30
101560,1,8,735.93,12,1,0,1,0,2026-01-31
101560,2,8,375.44,11,1,1,1,0,2026-02-28
101560,3,7,509.55,15,1,0,0,1,2026-03-31
101560,4,7,278.17,15,0,1,1,0,2026-04-30
101560,5,6,185.34,9,1,0,1,0,2026-05-31
101560,6,4,238.28,5,1,1,1,0,2026-06-30
101561,1,29,4068.32,16,0,0,1,1,2026-01-31
101561,2,25,772.62,12,0,0,1,0,2026-02-28
101561,3,30,2387.43,3,0,0,0,0,2026-03-31
101561,4,35,3003.15,8,1,0,0,0,2026-04-30
101561,5,20,1029.48,10,0,0,1,1,2026-05-31
101561,6,29,4266.31,13,0,0,1,0,2026-06-30
101562,1,11,731.08,12,0,1,1,1,2026-01-31
101562,2,13,1404.45,13,0,1,1,0,2026-02-28
101562,3,21,2018.51,5,0,0,0,1,2026-03-31
101562,4,14,667.08,12,0,0,1,0,2026-04-30
101562,5,18,405.45,17,0,1,0,0,2026-05-31
101562,6,19,1154.5,4,0,1,1,0,2026-06-30
101563,1,16,1571.33,12,0,0,1,0,2026-01-31
101563,2,11,447.09,16,0,0,1,1,2026-02-28
101563,3,14,1351.63,10,0,0,1,0,2026-03-31
101563,4,20,2892.43,8,0,0,0,0,2026-04-30
101563,5,10,851.21,9,1,0,0,0,2026-05-31
101563,6,23,600.37,12,0,0,0,1,2026-06-30
101564,1,11,942.13,17,0,1,0,0,2026-01-31
101564,2,13,518.07,8,0,0,1,0,2026-02-28
101564,3,18,491.79,10,1,1,1,0,2026-03-31
101564,4,10,1460.9,16,0,0,0,1,2026-04-30
101564,5,9,466.91,7,0,1,1,0,2026-05-31
101564,6,14,1544.91,11,0,1,1,0,2026-06-30
101565,1,16,568.06,16,0,1,0,0,2026-01-31
101565,2,20,2381.2,12,0,0,1,0,2026-02-28
101565,3,11,1553.9,8,0,1,0,0,2026-03-31
101565,4,15,1043.99,10,0,0,0,1,2026-04-30
101565,5,23,1070.29,15,0,0,0,0,2026-05-31
101565,6,22,589.05,8,1,1,1,0,2026-06-30
101566,1,9,382.68,9,0,1,1,0,2026-01-31
101566,2,12,1073.24,11,0,1,0,0,2026-02-28
101566,3,14,1483.35,7,1,0,0,0,2026-03-31
101566,4,14,2009.67,12,1,0,1,0,2026-04-30
101566,5,11,1589.15,15,0,0,1,0,2026-05-31
101566,6,11,399.21,15,0,1,1,0,2026-06-30
101567,1,5,743.1,5,1,0,1,0,2026-01-31
101567,2,4,173.55,6,0,1,0,1,2026-02-28
101567,3,6,576.11,11,1,0,1,0,2026-03-31
101567,4,8,276.07,14,0,0,1,0,2026-04-30
101567,5,5,158.3,8,1,0,1,0,2026-05-31
101567,6,7,711.26,16,0,0,1,0,2026-06-30
101568,1,4,439.86,14,1,1,1,1,2026-01-31
101568,2,3,429.6,9,0,1,0,0,2026-02-28
101568,3,5,187.16,12,0,0,1,0,2026-03-31
101568,4,5,299.44,7,0,1,1,1,2026-04-30
101568,5,7,1044.47,8,1,0,0,0,2026-05-31
101568,6,3,441.93,11,0,0,1,1,2026-06-30
101569,1,4,385.09,13,1,0,1,0,2026-01-31
101569,2,5,298.45,10,0,0,1,0,2026-02-28
101569,3,8,271.85,10,0,0,1,0,2026-03-31
101569,4,5,623.82,6,0,0,1,1,2026-04-30
101569,5,5,539.87,9,1,0,1,0,2026-05-31
101569,6,9,860.59,11,2,0,1,0,2026-06-30
101570,1,9,581.14,6,1,1,1,0,2026-01-31
101570,2,5,383.96,9,0,1,0,1,2026-02-28
101570,3,8,308.51,13,1,0,0,0,2026-03-31
101570,4,7,943.06,14,1,0,0,0,2026-04-30
101570,5,4,421.25,15,0,1,0,0,2026-05-31
101570,6,3,266.09,8,0,0,1,0,2026-06-30
101571,1,7,989.81,7,0,0,1,0,2026-01-31
101571,2,16,1566.95,7,1,0,1,0,2026-02-28
101571,3,17,2107.6,22,0,1,1,0,2026-03-31
101571,4,17,2330.6,13,0,0,1,0,2026-04-30
101571,5,16,1426.85,13,0,0,1,0,2026-05-31
101571,6,17,1214.17,18,1,1,1,0,2026-06-30
101572,1,10,918.48,10,0,1,1,1,2026-01-31
101572,2,11,753.85,25,1,1,1,0,2026-02-28
101572,3,12,655.9,14,1,1,1,0,2026-03-31
101572,4,11,959.61,15,0,0,0,0,2026-04-30
101572,5,12,1626.02,25,0,0,1,0,2026-05-31
101572,6,12,1741.19,5,0,0,0,0,2026-06-30
101573,1,3,200.29,16,0,1,1,0,2026-01-31
101573,2,6,758.11,9,1,1,0,0,2026-02-28
101573,3,3,135.9,17,1,1,1,0,2026-03-31
101573,4,3,155.28,10,0,0,1,0,2026-04-30
101573,5,5,332.22,17,1,0,1,0,2026-05-31
101573,6,2,161.58,7,0,0,1,1,2026-06-30
101574,1,27,1387.31,7,0,1,0,0,2026-01-31
101574,2,21,1618.54,15,0,0,1,0,2026-02-28
101574,3,27,629.5,12,0,0,0,0,2026-03-31
101574,4,18,397.0,8,0,0,0,0,2026-04-30
101574,5,23,3382.66,22,0,0,1,0,2026-05-31
101574,6,16,1172.04,13,1,0,1,0,2026-06-30
101575,1,18,1253.78,7,1,1,1,0,2026-01-31
101575,2,21,1149.2,13,0,1,0,1,2026-02-28
101575,3,24,1245.5,14,0,0,1,0,2026-03-31
101575,4,21,2901.72,15,1,1,0,1,2026-04-30
101575,5,21,1793.28,11,0,0,0,0,2026-05-31
101575,6,29,3786.43,17,0,1,1,1,2026-06-30
101576,1,16,1015.35,7,0,1,1,1,2026-01-31
101576,2,19,2617.46,14,0,0,1,0,2026-02-28
101576,3,26,777.18,10,0,0,1,0,2026-03-31
101576,4,13,1899.76,8,1,0,1,0,2026-04-30
101576,5,29,1177.46,8,0,0,1,1,2026-05-31
101576,6,18,1840.94,9,0,1,1,0,2026-06-30
101577,1,9,1336.64,6,0,0,0,0,2026-01-31
101577,2,11,1352.29,14,0,0,0,0,2026-02-28
101577,3,19,2432.9,17,0,0,1,0,2026-03-31
101577,4,14,946.66,18,0,0,0,0,2026-04-30
101577,5,22,2280.86,15,0,1,1,0,2026-05-31
101577,6,20,1867.59,14,0,0,0,0,2026-06-30
101578,1,2,108.0,7,1,0,1,0,2026-01-31
101578,2,4,317.67,10,0,1,1,1,2026-02-28
101578,3,2,102.36,15,0,0,1,1,2026-03-31
101578,4,5,448.31,5,0,0,1,0,2026-04-30
101578,5,2,241.04,20,1,0,1,0,2026-05-31
101578,6,5,401.92,18,1,1,1,0,2026-06-30
101579,1,16,1154.69,8,0,0,1,1,2026-01-31
101579,2,10,645.18,9,0,0,1,0,2026-02-28
101579,3,14,509.73,12,0,1,0,0,2026-03-31
101579,4,16,571.73,10,0,1,1,0,2026-04-30
101579,5,7,689.89,16,0,0,1,0,2026-05-31
101579,6,8,1178.47,9,0,0,1,0,2026-06-30
101580,1,9,526.67,16,1,1,1,1,2026-01-31
101580,2,15,619.2,15,0,0,1,0,2026-02-28
101580,3,8,1126.12,12,1,0,1,0,2026-03-31
101580,4,12,754.95,14,1,1,1,0,2026-04-30
101580,5,11,1397.39,12,0,0,1,0,2026-05-31
101580,6,14,1718.48,7,0,0,1,0,2026-06-30
101581,1,12,565.52,12,1,0,1,0,2026-01-31
101581,2,9,756.53,4,2,0,0,0,2026-02-28
101581,3,15,2121.68,9,1,0,1,0,2026-03-31
101581,4,12,363.29,15,0,0,1,0,2026-04-30
101581,5,11,1445.23,8,1,1,0,0,2026-05-31
101581,6,12,1546.1,12,1,1,1,0,2026-06-30
101582,1,13,1833.65,18,1,0,0,0,2026-01-31
101582,2,23,1172.66,10,0,0,1,1,2026-02-28
101582,3,11,322.79,9,1,0,1,0,2026-03-31
101582,4,28,2037.39,16,1,0,1,0,2026-04-30
101582,5,27,2440.51,10,0,1,0,0,2026-05-31
101582,6,14,1141.9,11,0,1,1,0,2026-06-30
101583,1,4,191.03,13,0,1,1,0,2026-01-31
101583,2,5,145.75,14,0,0,1,0,2026-02-28
101583,3,4,273.9,4,1,1,1,0,2026-03-31
101583,4,2,289.7,17,0,0,1,1,2026-04-30
101583,5,4,515.77,12,1,1,1,1,2026-05-31
101583,6,3,178.84,15,0,0,1,0,2026-06-30
101584,1,3,447.65,12,0,0,0,0,2026-01-31
101584,2,5,590.63,4,0,0,0,0,2026-02-28
101584,3,2,277.09,14,1,0,1,0,2026-03-31
101584,4,2,265.13,9,2,1,1,1,2026-04-30
101584,5,3,152.83,11,0,0,0,0,2026-05-31
101584,6,3,339.11,11,2,0,1,0,2026-06-30
101585,1,8,379.99,13,0,0,0,0,2026-01-31
101585,2,13,997.61,16,0,0,1,0,2026-02-28
101585,3,15,2233.35,11,1,0,1,1,2026-03-31
101585,4,17,1452.61,5,0,0,0,1,2026-04-30
101585,5,10,1112.69,15,0,0,1,0,2026-05-31
101585,6,8,1159.42,17,2,0,1,0,2026-06-30
101586,1,3,171.86,13,0,0,0,0,2026-01-31
101586,2,5,365.85,14,0,0,1,0,2026-02-28
101586,3,5,358.19,12,0,0,0,0,2026-03-31
101586,4,3,440.19,20,0,1,1,0,2026-04-30
101586,5,4,217.32,13,0,0,1,0,2026-05-31
101586,6,3,313.73,15,0,1,0,0,2026-06-30
101587,1,4,328.14,6,1,0,1,0,2026-01-31
101587,2,11,344.84,11,0,0,0,0,2026-02-28
101587,3,8,755.34,13,1,0,1,0,2026-03-31
101587,4,5,595.32,18,0,0,0,0,2026-04-30
101587,5,6,669.66,18,1,0,0,0,2026-05-31
101587,6,6,890.01,10,0,0,1,0,2026-06-30
101588,1,15,455.07,3,0,1,1,0,2026-01-31
101588,2,17,2053.87,6,2,0,1,0,2026-02-28
101588,3,13,618.94,6,1,0,1,0,2026-03-31
101588,4,13,452.59,3,1,1,0,0,2026-04-30
101588,5,13,811.09,13,2,1,0,1,2026-05-31
101588,6,13,1936.65,18,0,0,1,1,2026-06-30
101589,1,19,2629.55,18,0,1,0,0,2026-01-31
101589,2,21,2088.31,6,0,1,1,0,2026-02-28
101589,3,17,2132.31,10,1,1,1,0,2026-03-31
101589,4,15,1179.93,6,1,0,1,1,2026-04-30
101589,5,20,2347.43,22,0,1,1,0,2026-05-31
101589,6,26,3557.36,14,2,0,0,0,2026-06-30
101590,1,18,2545.03,15,0,1,1,0,2026-01-31
101590,2,10,400.45,23,0,1,0,0,2026-02-28
101590,3,9,1291.73,14,1,1,1,0,2026-03-31
101590,4,21,1609.39,11,0,0,0,0,2026-04-30
101590,5,11,1642.47,17,0,0,1,0,2026-05-31
101590,6,22,1891.87,4,0,0,0,0,2026-06-30
101591,1,5,341.15,17,1,1,0,0,2026-01-31
101591,2,9,1154.99,16,0,1,1,1,2026-02-28
101591,3,5,267.71,12,0,0,1,1,2026-03-31
101591,4,6,213.4,16,0,0,1,1,2026-04-30
101591,5,8,547.75,7,0,1,1,0,2026-05-31
101591,6,5,250.14,17,0,0,1,0,2026-06-30
101592,1,27,2732.32,16,1,1,1,0,2026-01-31
101592,2,20,2675.54,8,1,1,1,1,2026-02-28
101592,3,13,1211.58,10,1,1,0,0,2026-03-31
101592,4,16,1570.49,9,0,0,1,1,2026-04-30
101592,5,13,1835.08,13,0,0,0,0,2026-05-31
101592,6,13,1884.77,20,0,0,1,0,2026-06-30
101593,1,25,3436.12,9,3,0,1,0,2026-01-31
101593,2,11,1421.7,9,2,0,1,0,2026-02-28
101593,3,20,1251.24,9,0,0,1,0,2026-03-31
101593,4,12,1750.1,8,2,1,1,0,2026-04-30
101593,5,23,2372.58,5,0,1,0,0,2026-05-31
101593,6,21,3017.05,14,0,0,1,1,2026-06-30
101594,1,10,645.94,12,0,0,0,0,2026-01-31
101594,2,13,795.14,9,0,0,1,1,2026-02-28
101594,3,13,1680.61,13,1,0,1,0,2026-03-31
101594,4,7,781.35,13,0,0,1,1,2026-04-30
101594,5,11,956.36,7,0,0,1,0,2026-05-31
101594,6,10,1458.46,8,1,1,1,0,2026-06-30
101595,1,14,815.16,11,0,0,0,0,2026-01-31
101595,2,20,848.56,16,0,1,0,1,2026-02-28
101595,3,13,383.11,14,0,0,1,0,2026-03-31
101595,4,21,653.29,11,0,1,1,0,2026-04-30
101595,5,15,1096.4,12,1,1,0,0,2026-05-31
101595,6,17,602.24,13,0,0,0,0,2026-06-30
101596,1,6,467.45,11,1,0,1,0,2026-01-31
101596,2,6,425.3,9,1,0,1,1,2026-02-28
101596,3,5,367.63,12,0,0,0,0,2026-03-31
101596,4,12,352.71,5,0,0,1,0,2026-04-30
101596,5,7,360.18,13,1,0,0,0,2026-05-31
101596,6,6,608.37,17,0,0,1,1,2026-06-30
101597,1,26,3878.45,16,0,1,1,0,2026-01-31
101597,2,25,1658.71,10,0,1,1,0,2026-02-28
101597,3,17,1050.62,15,1,0,1,0,2026-03-31
101597,4,21,2760.39,6,1,1,1,1,2026-04-30
101597,5,18,442.15,5,1,0,1,1,2026-05-31
101597,6,18,1383.35,12,0,0,0,0,2026-06-30
101598,1,6,735.58,13,1,0,1,0,2026-01-31
101598,2,4,287.31,7,0,0,0,0,2026-02-28
101598,3,7,390.6,19,0,0,0,1,2026-03-31
101598,4,5,609.44,7,0,1,1,1,2026-04-30
101598,5,7,820.15,15,2,0,1,0,2026-05-31
101598,6,8,887.38,19,0,0,1,0,2026-06-30
101599,1,8,458.58,15,0,0,1,0,2026-01-31
101599,2,10,1295.59,19,1,0,1,0,2026-02-28
101599,3,11,940.94,13,2,0,1,1,2026-03-31
101599,4,7,846.06,11,0,1,0,0,2026-04-30
101599,5,6,155.21,12,0,0,0,0,2026-05-31
101599,6,10,818.74,10,0,0,1,0,2026-06-30
101600,1,15,1376.9,8,0,0,0,0,2026-01-31
101600,2,21,2496.15,8,1,0,1,0,2026-02-28
101600,3,21,1956.53,8,1,0,1,0,2026-03-31
101600,4,14,862.42,11,0,1,1,0,2026-04-30
101600,5,9,226.31,12,0,0,1,0,2026-05-31
101600,6,22,1460.62,9,0,1,1,0,2026-06-30
101601,1,8,220.41,13,0,0,0,0,2026-01-31
101601,2,9,1231.23,9,0,1,0,0,2026-02-28
101601,3,9,471.07,12,0,1,0,0,2026-03-31
101601,4,4,426.11,20,3,1,0,0,2026-04-30
101601,5,4,131.64,4,1,1,1,1,2026-05-31
101601,6,5,143.88,17,0,0,1,0,2026-06-30
101602,1,12,1727.25,8,0,0,0,1,2026-01-31
101602,2,26,591.17,17,0,1,1,0,2026-02-28
101602,3,23,2482.78,5,1,0,1,0,2026-03-31
101602,4,16,710.44,14,0,1,0,0,2026-04-30
101602,5,11,1131.58,16,0,0,1,1,2026-05-31
101602,6,22,977.42,5,0,0,0,1,2026-06-30
101603,1,9,185.59,15,1,1,1,0,2026-01-31
101603,2,10,616.41,13,0,0,0,0,2026-02-28
101603,3,17,416.73,11,0,0,1,0,2026-03-31
101603,4,16,1231.65,11,0,1,1,0,2026-04-30
101603,5,12,1426.9,18,0,0,1,1,2026-05-31
101603,6,9,473.17,16,2,0,1,0,2026-06-30
101604,1,5,322.33,12,0,0,1,0,2026-01-31
101604,2,5,732.0,15,0,1,1,0,2026-02-28
101604,3,6,296.1,6,0,0,1,1,2026-03-31
101604,4,7,870.59,17,1,1,1,0,2026-04-30
101604,5,8,468.94,21,1,0,1,0,2026-05-31
101604,6,6,219.46,10,0,1,1,0,2026-06-30
101605,1,2,86.58,14,0,0,1,0,2026-01-31
101605,2,2,137.32,9,0,1,0,0,2026-02-28
101605,3,4,418.38,15,1,1,1,0,2026-03-31
101605,4,2,170.88,7,1,0,0,0,2026-04-30
101605,5,4,539.54,22,0,1,0,0,2026-05-31
101605,6,5,676.21,9,0,0,0,0,2026-06-30
101606,1,11,1146.38,8,0,0,1,0,2026-01-31
101606,2,10,415.9,9,0,0,0,0,2026-02-28
101606,3,10,349.27,8,0,0,1,0,2026-03-31
101606,4,10,1196.2,9,0,0,1,0,2026-04-30
101606,5,13,1677.27,12,1,1,1,0,2026-05-31
101606,6,13,1156.89,22,1,0,0,0,2026-06-30
101607,1,20,2659.42,15,1,1,0,0,2026-01-31
101607,2,22,598.64,11,2,1,0,0,2026-02-28
101607,3,10,969.9,22,0,1,1,0,2026-03-31
101607,4,18,2413.9,19,0,0,0,0,2026-04-30
101607,5,19,2534.59,13,0,1,1,1,2026-05-31
101607,6,12,899.27,2,0,0,1,0,2026-06-30
101608,1,13,825.69,11,1,0,1,0,2026-01-31
101608,2,15,1553.2,6,0,0,1,0,2026-02-28
101608,3,20,2024.01,17,1,0,0,0,2026-03-31
101608,4,10,729.42,14,0,0,0,1,2026-04-30
101608,5,10,382.75,10,0,0,0,0,2026-05-31
101608,6,19,459.39,14,0,1,1,0,2026-06-30
101609,1,20,618.33,9,0,1,1,0,2026-01-31
101609,2,22,1436.12,25,0,0,0,0,2026-02-28
101609,3,16,545.04,15,0,0,1,0,2026-03-31
101609,4,27,2242.7,9,1,1,0,0,2026-04-30
101609,5,24,1701.36,23,0,0,1,0,2026-05-31
101609,6,21,2540.95,16,0,0,1,0,2026-06-30
101610,1,4,533.0,15,2,1,1,0,2026-01-31
101610,2,7,325.44,2,0,0,1,0,2026-02-28
101610,3,3,337.95,16,1,1,1,0,2026-03-31
101610,4,3,166.9,14,1,0,1,0,2026-04-30
101610,5,5,736.21,17,0,0,1,0,2026-05-31
101610,6,6,142.12,20,1,1,0,0,2026-06-30
101611,1,21,2008.53,16,1,0,1,0,2026-01-31
101611,2,24,1031.85,4,1,1,1,1,2026-02-28
101611,3,20,2274.96,14,0,1,0,0,2026-03-31
101611,4,9,1242.24,14,1,1,1,0,2026-04-30
101611,5,12,591.25,10,1,0,1,0,2026-05-31
101611,6,13,1137.27,17,1,1,0,0,2026-06-30
101612,1,26,925.49,17,1,0,1,0,2026-01-31
101612,2,16,884.11,27,2,0,1,0,2026-02-28
101612,3,21,2571.69,10,1,1,0,0,2026-03-31
101612,4,19,2394.86,11,0,0,1,0,2026-04-30
101612,5,25,788.9,16,0,0,1,0,2026-05-31
101612,6,27,2077.9,5,0,0,0,0,2026-06-30
101613,1,6,509.29,18,1,0,1,1,2026-01-31
101613,2,11,931.21,7,1,0,1,0,2026-02-28
101613,3,8,819.17,13,0,1,1,0,2026-03-31
101613,4,6,782.07,11,0,1,0,0,2026-04-30
101613,5,4,365.52,19,0,0,1,0,2026-05-31
101613,6,9,1259.27,8,1,0,0,0,2026-06-30
101614,1,15,1566.48,15,0,1,0,0,2026-01-31
101614,2,12,678.54,16,0,1,0,0,2026-02-28
101614,3,18,622.49,19,0,0,1,0,2026-03-31
101614,4,9,236.35,8,1,0,0,0,2026-04-30
101614,5,14,1286.94,14,0,0,1,0,2026-05-31
101614,6,15,2075.13,11,1,1,0,0,2026-06-30
101615,1,15,1293.84,12,0,0,1,1,2026-01-31
101615,2,18,868.6,19,0,1,1,0,2026-02-28
101615,3,23,3178.03,9,0,0,1,0,2026-03-31
101615,4,16,1311.39,13,0,1,0,0,2026-04-30
101615,5,15,892.0,16,0,0,1,1,2026-05-31
101615,6,17,2135.4,13,2,0,1,0,2026-06-30
101616,1,8,958.4,13,0,1,0,1,2026-01-31
101616,2,6,628.6,14,1,0,1,1,2026-02-28
101616,3,6,334.22,11,0,0,1,1,2026-03-31
101616,4,9,830.59,14,0,1,0,0,2026-04-30
101616,5,4,148.07,14,0,0,0,0,2026-05-31
101616,6,7,689.47,12,2,0,1,0,2026-06-30
101617,1,21,1443.78,14,0,0,1,0,2026-01-31
101617,2,30,4217.06,17,0,0,0,0,2026-02-28
101617,3,18,2166.71,7,0,1,0,0,2026-03-31
101617,4,28,3676.99,19,1,0,1,0,2026-04-30
101617,5,17,2174.14,7,0,1,1,0,2026-05-31
101617,6,17,497.9,12,0,0,1,1,2026-06-30
101618,1,5,525.88,13,1,1,1,0,2026-01-31
101618,2,4,180.03,12,2,1,1,0,2026-02-28
101618,3,3,206.79,14,0,1,0,0,2026-03-31
101618,4,6,186.23,5,0,1,1,0,2026-04-30
101618,5,6,459.46,10,0,0,1,0,2026-05-31
101618,6,5,620.05,11,0,1,1,0,2026-06-30
101619,1,2,167.71,18,1,1,0,0,2026-01-31
101619,2,4,403.56,16,1,0,1,0,2026-02-28
101619,3,4,535.52,7,0,1,0,1,2026-03-31
101619,4,2,250.2,12,0,1,1,0,2026-04-30
101619,5,5,183.32,11,0,1,1,0,2026-05-31
101619,6,3,120.86,13,0,0,1,0,2026-06-30
101620,1,12,590.12,20,1,0,1,0,2026-01-31
101620,2,10,888.52,10,0,1,1,0,2026-02-28
101620,3,11,1218.03,4,1,0,0,0,2026-03-31
101620,4,12,278.81,4,0,1,1,0,2026-04-30
101620,5,7,365.51,6,0,1,1,0,2026-05-31
101620,6,6,430.29,6,3,0,1,0,2026-06-30
101621,1,7,535.21,11,1,0,0,0,2026-01-31
101621,2,6,309.31,8,1,1,1,1,2026-02-28
101621,3,4,446.83,14,0,0,0,1,2026-03-31
101621,4,3,112.37,13,1,0,1,0,2026-04-30
101621,5,8,975.97,12,0,1,1,0,2026-05-31
101621,6,6,623.49,11,0,0,1,0,2026-06-30
101622,1,14,1088.05,12,0,0,1,0,2026-01-31
101622,2,15,2161.13,9,0,1,1,0,2026-02-28
101622,3,17,1392.36,16,1,1,1,1,2026-03-31
101622,4,11,441.91,7,0,0,1,0,2026-04-30
101622,5,13,1619.37,15,2,0,0,0,2026-05-31
101622,6,10,206.45,8,0,0,1,0,2026-06-30
101623,1,6,599.59,6,0,1,1,0,2026-01-31
101623,2,7,546.26,13,0,0,1,0,2026-02-28
101623,3,6,343.19,7,0,1,1,0,2026-03-31
101623,4,8,1086.12,11,1,1,1,0,2026-04-30
101623,5,7,941.45,11,1,0,1,0,2026-05-31
101623,6,5,292.83,11,0,0,0,0,2026-06-30
101624,1,22,1463.16,12,0,1,0,0,2026-01-31
101624,2,11,1090.42,10,0,0,1,0,2026-02-28
101624,3,25,2687.29,11,1,1,0,0,2026-03-31
101624,4,12,1109.98,17,1,1,0,0,2026-04-30
101624,5,17,1400.68,23,0,0,1,0,2026-05-31
101624,6,16,615.96,7,1,1,1,0,2026-06-30
101625,1,12,1480.75,6,1,0,1,0,2026-01-31
101625,2,18,979.67,16,0,0,1,0,2026-02-28
101625,3,13,390.71,4,0,1,1,1,2026-03-31
101625,4,24,2888.49,8,0,1,1,0,2026-04-30
101625,5,15,934.95,16,1,0,0,1,2026-05-31
101625,6,23,676.34,14,1,1,1,0,2026-06-30
101626,1,26,1842.67,12,0,0,0,0,2026-01-31
101626,2,26,521.41,8,0,0,1,0,2026-02-28
101626,3,11,749.79,5,0,0,1,1,2026-03-31
101626,4,18,1083.49,8,1,1,0,0,2026-04-30
101626,5,27,636.85,10,0,1,1,0,2026-05-31
101626,6,19,1040.04,15,1,1,1,0,2026-06-30
101627,1,2,231.17,13,0,0,1,1,2026-01-31
101627,2,5,107.39,5,1,1,1,0,2026-02-28
101627,3,3,205.25,6,1,0,1,0,2026-03-31
101627,4,4,494.79,14,2,1,0,1,2026-04-30
101627,5,6,748.88,14,0,1,1,0,2026-05-31
101627,6,5,100.55,4,0,0,0,0,2026-06-30
101628,1,31,2077.09,8,0,1,1,0,2026-01-31
101628,2,28,3693.42,7,0,1,1,0,2026-02-28
101628,3,27,2166.19,7,0,1,0,0,2026-03-31
101628,4,17,1236.27,14,2,1,0,0,2026-04-30
101628,5,20,1114.77,18,0,0,1,0,2026-05-31
101628,6,25,2806.28,9,1,0,1,0,2026-06-30
101629,1,12,1611.47,3,0,1,1,0,2026-01-31
101629,2,17,2385.74,7,0,0,0,1,2026-02-28
101629,3,13,1410.68,6,1,0,1,1,2026-03-31
101629,4,18,2242.58,10,1,1,0,0,2026-04-30
101629,5,13,793.68,14,0,1,0,1,2026-05-31
101629,6,10,1213.96,19,1,1,1,0,2026-06-30
101630,1,26,809.66,8,0,0,0,0,2026-01-31
101630,2,28,2285.58,17,0,0,0,0,2026-02-28
101630,3,17,529.2,13,0,1,0,0,2026-03-31
101630,4,12,817.23,15,2,0,1,0,2026-04-30
101630,5,16,1630.21,15,1,0,1,0,2026-05-31
101630,6,20,1767.38,14,0,0,0,0,2026-06-30
101631,1,26,3339.98,11,0,0,1,0,2026-01-31
101631,2,20,2470.11,8,0,0,1,0,2026-02-28
101631,3,27,2920.79,16,1,0,1,0,2026-03-31
101631,4,28,812.55,11,0,0,1,0,2026-04-30
101631,5,16,1863.24,15,1,0,1,1,2026-05-31
101631,6,19,2641.7,12,0,1,1,1,2026-06-30
101632,1,15,755.61,7,0,0,0,1,2026-01-31
101632,2,14,1991.11,14,1,0,1,0,2026-02-28
101632,3,10,493.49,10,0,1,1,0,2026-03-31
101632,4,7,919.09,8,0,0,1,0,2026-04-30
101632,5,14,1976.28,9,0,0,0,0,2026-05-31
101632,6,15,1318.71,8,0,0,1,1,2026-06-30
101633,1,19,555.39,9,0,0,0,1,2026-01-31
101633,2,14,1806.36,6,1,0,1,0,2026-02-28
101633,3,24,1821.31,13,0,0,1,0,2026-03-31
101633,4,17,1087.55,14,0,0,1,0,2026-04-30
101633,5,16,972.84,25,0,1,1,0,2026-05-31
101633,6,13,811.78,9,0,1,1,0,2026-06-30
101634,1,23,1448.59,16,0,1,1,0,2026-01-31
101634,2,11,1285.44,13,1,0,1,0,2026-02-28
101634,3,15,998.11,23,0,1,1,0,2026-03-31
101634,4,18,2472.41,12,1,0,0,0,2026-04-30
101634,5,11,751.3,18,2,0,0,1,2026-05-31
101634,6,11,623.56,19,0,1,1,0,2026-06-30
101635,1,12,1611.54,19,0,1,0,0,2026-01-31
101635,2,26,3407.8,9,0,0,0,0,2026-02-28
101635,3,25,1894.53,10,0,0,0,0,2026-03-31
101635,4,28,3571.83,13,0,0,1,1,2026-04-30
101635,5,22,1959.92,11,1,0,1,0,2026-05-31
101635,6,16,1183.46,17,0,1,0,1,2026-06-30
101636,1,7,759.85,18,0,1,1,0,2026-01-31
101636,2,9,540.34,15,1,0,1,0,2026-02-28
101636,3,6,293.59,16,0,1,0,0,2026-03-31
101636,4,9,603.25,10,0,1,1,1,2026-04-30
101636,5,12,1330.94,17,0,0,1,0,2026-05-31
101636,6,12,854.45,22,1,0,1,0,2026-06-30
101637,1,4,539.67,15,0,0,1,0,2026-01-31
101637,2,6,195.96,1,0,1,1,0,2026-02-28
101637,3,3,343.72,15,0,0,0,0,2026-03-31
101637,4,5,124.45,7,0,0,1,0,2026-04-30
101637,5,4,218.7,14,0,1,0,0,2026-05-31
101637,6,7,455.01,15,0,0,1,0,2026-06-30
101638,1,23,978.1,9,0,1,1,0,2026-01-31
101638,2,16,2219.04,12,0,0,1,0,2026-02-28
101638,3,18,1910.63,10,1,1,0,0,2026-03-31
101638,4,15,1391.46,11,0,0,1,0,2026-04-30
101638,5,22,1632.41,12,0,0,1,0,2026-05-31
101638,6,13,1642.59,10,0,0,1,0,2026-06-30
101639,1,9,877.78,17,1,1,1,0,2026-01-31
101639,2,5,561.23,12,0,0,1,1,2026-02-28
101639,3,8,691.08,13,0,1,1,0,2026-03-31
101639,4,10,586.59,13,1,1,1,0,2026-04-30
101639,5,8,765.21,11,0,1,0,0,2026-05-31
101639,6,6,386.07,20,0,0,1,0,2026-06-30
101640,1,22,1597.22,6,1,0,0,0,2026-01-31
101640,2,21,2836.59,12,0,1,0,0,2026-02-28
101640,3,10,1004.36,9,0,0,1,0,2026-03-31
101640,4,17,1240.46,21,0,0,1,0,2026-04-30
101640,5,15,2089.81,7,1,0,1,0,2026-05-31
101640,6,19,1472.03,14,0,0,0,0,2026-06-30
101641,1,25,1910.83,14,1,0,1,0,2026-01-31
101641,2,22,1260.02,12,1,1,1,0,2026-02-28
101641,3,18,1642.58,16,0,1,1,0,2026-03-31
101641,4,12,703.44,6,0,1,1,0,2026-04-30
101641,5,18,2650.26,19,0,1,1,0,2026-05-31
101641,6,17,785.7,8,1,1,0,0,2026-06-30
101642,1,2,110.86,12,1,1,1,1,2026-01-31
101642,2,4,344.94,5,0,1,1,0,2026-02-28
101642,3,5,704.79,14,0,1,1,0,2026-03-31
101642,4,5,358.36,4,0,1,1,0,2026-04-30
101642,5,3,139.03,10,0,1,0,0,2026-05-31
101642,6,3,234.03,14,1,1,1,0,2026-06-30
101643,1,23,3015.65,9,0,1,0,1,2026-01-31
101643,2,11,521.73,7,1,0,1,0,2026-02-28
101643,3,16,2169.16,15,0,1,1,0,2026-03-31
101643,4,24,2663.16,14,0,0,1,1,2026-04-30
101643,5,24,1490.91,5,0,1,1,0,2026-05-31
101643,6,18,2000.71,19,1,0,1,0,2026-06-30
101644,1,14,1424.68,11,0,1,1,0,2026-01-31
101644,2,22,2150.0,20,0,1,1,0,2026-02-28
101644,3,10,1266.01,14,1,1,1,0,2026-03-31
101644,4,20,2291.04,3,0,0,1,0,2026-04-30
101644,5,15,1344.75,6,1,1,1,0,2026-05-31
101644,6,18,2676.09,8,1,0,0,0,2026-06-30
101645,1,33,877.07,5,0,1,0,0,2026-01-31
101645,2,31,1191.44,18,0,1,1,1,2026-02-28
101645,3,19,1373.32,18,0,0,1,0,2026-03-31
101645,4,25,2567.56,12,0,1,0,0,2026-04-30
101645,5,20,2608.61,20,1,0,1,1,2026-05-31
101645,6,31,3595.02,23,0,0,1,0,2026-06-30
101646,1,7,273.34,13,0,0,0,1,2026-01-31
101646,2,4,149.39,6,0,1,0,1,2026-02-28
101646,3,5,132.38,14,1,0,0,0,2026-03-31
101646,4,3,94.11,15,1,1,1,0,2026-04-30
101646,5,3,424.91,16,0,0,0,0,2026-05-31
101646,6,6,490.04,11,1,0,1,0,2026-06-30
101647,1,11,1477.67,13,0,0,1,0,2026-01-31
101647,2,12,1311.31,11,0,1,1,1,2026-02-28
101647,3,14,570.79,11,0,1,1,0,2026-03-31
101647,4,15,354.97,21,0,1,0,0,2026-04-30
101647,5,9,191.51,6,0,1,1,0,2026-05-31
101647,6,9,995.26,13,0,0,1,0,2026-06-30
101648,1,12,1578.43,10,0,0,1,0,2026-01-31
101648,2,6,832.46,9,0,1,1,0,2026-02-28
101648,3,13,462.63,7,1,0,1,0,2026-03-31
101648,4,7,703.57,12,0,1,1,0,2026-04-30
101648,5,12,1401.48,16,1,0,0,0,2026-05-31
101648,6,11,301.71,17,0,1,0,0,2026-06-30
101649,1,17,489.05,20,0,1,1,1,2026-01-31
101649,2,16,1543.96,11,1,0,1,1,2026-02-28
101649,3,20,1563.88,16,0,1,0,1,2026-03-31
101649,4,19,627.69,8,0,0,1,0,2026-04-30
101649,5,10,1092.79,11,0,0,0,0,2026-05-31
101649,6,11,527.33,15,1,0,1,0,2026-06-30
101650,1,19,667.43,12,0,0,1,0,2026-01-31
101650,2,11,731.26,8,0,1,1,0,2026-02-28
101650,3,11,544.99,16,1,0,0,0,2026-03-31
101650,4,9,752.54,13,1,0,1,0,2026-04-30
101650,5,11,544.74,5,1,0,1,0,2026-05-31
101650,6,12,615.97,17,0,0,0,0,2026-06-30
101651,1,13,1049.55,8,0,0,0,1,2026-01-31
101651,2,14,832.22,12,1,1,1,0,2026-02-28
101651,3,9,1205.3,16,0,0,1,0,2026-03-31
101651,4,13,1607.01,9,0,0,1,1,2026-04-30
101651,5,8,816.62,9,0,0,1,0,2026-05-31
101651,6,7,850.25,29,0,1,1,0,2026-06-30
101652,1,16,2248.75,11,0,1,1,0,2026-01-31
101652,2,18,2455.84,16,0,0,1,0,2026-02-28
101652,3,18,976.83,13,0,1,1,1,2026-03-31
101652,4,11,465.95,11,0,0,1,1,2026-04-30
101652,5,20,621.9,13,0,1,1,0,2026-05-31
101652,6,14,2033.86,12,0,0,1,0,2026-06-30
101653,1,12,1722.25,12,1,1,1,0,2026-01-31
101653,2,6,133.3,15,0,1,1,1,2026-02-28
101653,3,7,778.72,9,0,0,1,0,2026-03-31
101653,4,10,850.58,8,0,0,1,1,2026-04-30
101653,5,8,1129.55,11,1,0,1,0,2026-05-31
101653,6,7,575.47,9,1,0,1,0,2026-06-30
101654,1,12,870.22,11,0,0,1,0,2026-01-31
101654,2,23,637.04,15,0,0,1,0,2026-02-28
101654,3,18,1729.89,9,0,0,1,0,2026-03-31
101654,4,11,968.92,8,0,0,1,0,2026-04-30
101654,5,23,2395.87,7,0,1,1,1,2026-05-31
101654,6,15,1943.78,10,0,0,0,0,2026-06-30
101655,1,11,462.98,2,2,1,1,0,2026-01-31
101655,2,12,1020.46,11,1,0,0,1,2026-02-28
101655,3,18,1486.6,16,0,0,1,0,2026-03-31
101655,4,12,1259.74,12,1,0,1,0,2026-04-30
101655,5,11,1413.56,18,0,0,0,0,2026-05-31
101655,6,20,2608.68,9,0,0,1,0,2026-06-30
101656,1,15,1009.49,16,0,1,0,0,2026-01-31
101656,2,13,994.28,17,0,1,1,0,2026-02-28
101656,3,15,1424.1,10,0,0,1,0,2026-03-31
101656,4,6,192.08,6,2,0,1,0,2026-04-30
101656,5,7,1023.07,4,2,1,1,0,2026-05-31
101656,6,10,1021.24,6,1,1,1,0,2026-06-30
101657,1,6,485.5,16,1,1,1,0,2026-01-31
101657,2,12,1523.89,15,0,1,1,0,2026-02-28
101657,3,12,1776.23,12,1,0,1,0,2026-03-31
101657,4,6,726.0,12,0,1,1,1,2026-04-30
101657,5,8,703.29,15,2,1,1,0,2026-05-31
101657,6,9,526.14,11,0,0,1,0,2026-06-30
101658,1,17,478.87,12,1,1,0,0,2026-01-31
101658,2,23,1152.08,6,1,0,0,0,2026-02-28
101658,3,11,1098.99,11,2,0,1,0,2026-03-31
101658,4,16,2193.44,17,0,1,1,0,2026-04-30
101658,5,21,2547.33,9,1,0,0,0,2026-05-31
101658,6,12,793.35,12,0,1,1,0,2026-06-30
101659,1,4,515.34,4,0,1,1,1,2026-01-31
101659,2,10,229.69,7,0,0,1,1,2026-02-28
101659,3,9,707.25,13,0,0,1,0,2026-03-31
101659,4,6,642.81,12,0,1,1,0,2026-04-30
101659,5,8,298.43,13,0,1,1,0,2026-05-31
101659,6,10,1058.42,10,0,0,0,0,2026-06-30
101660,1,5,235.46,16,1,0,1,0,2026-01-31
101660,2,6,767.95,14,0,0,1,0,2026-02-28
101660,3,7,230.18,10,0,1,0,0,2026-03-31
101660,4,8,181.22,10,1,0,0,0,2026-04-30
101660,5,6,162.72,13,1,0,1,1,2026-05-31
101660,6,5,204.87,7,0,1,0,0,2026-06-30
101661,1,13,724.89,10,0,0,1,0,2026-01-31
101661,2,7,1002.46,12,0,1,1,0,2026-02-28
101661,3,8,997.04,12,0,0,1,0,2026-03-31
101661,4,6,467.29,15,1,1,1,0,2026-04-30
101661,5,7,514.87,11,0,1,1,0,2026-05-31
101661,6,7,462.57,14,0,0,1,1,2026-06-30
101662,1,4,188.2,14,1,0,1,0,2026-01-31
101662,2,5,263.03,12,1,0,1,0,2026-02-28
101662,3,6,526.07,17,0,0,1,0,2026-03-31
101662,4,7,278.52,15,0,1,1,0,2026-04-30
101662,5,7,146.92,17,1,0,0,0,2026-05-31
101662,6,8,733.54,19,0,1,1,0,2026-06-30
101663,1,14,1938.03,10,0,1,1,0,2026-01-31
101663,2,12,1546.82,18,2,0,1,1,2026-02-28
101663,3,8,552.13,9,3,1,1,1,2026-03-31
101663,4,17,836.04,13,1,0,1,1,2026-04-30
101663,5,10,1166.84,10,2,1,0,1,2026-05-31
101663,6,16,1336.55,14,0,1,1,0,2026-06-30
101664,1,19,1628.79,10,0,1,0,0,2026-01-31
101664,2,20,1165.46,9,0,0,1,0,2026-02-28
101664,3,17,1971.43,15,0,0,1,0,2026-03-31
101664,4,8,652.61,12,0,1,0,0,2026-04-30
101664,5,8,259.67,19,1,1,1,0,2026-05-31
101664,6,14,1198.83,12,0,1,1,1,2026-06-30
101665,1,13,1938.28,4,0,1,1,0,2026-01-31
101665,2,5,337.71,16,0,1,1,0,2026-02-28
101665,3,9,853.26,5,1,1,0,0,2026-03-31
101665,4,6,278.52,12,1,0,1,0,2026-04-30
101665,5,5,680.93,10,0,1,1,0,2026-05-31
101665,6,5,199.9,11,2,0,1,0,2026-06-30
101666,1,10,356.62,17,0,0,0,0,2026-01-31
101666,2,7,229.99,12,1,1,1,1,2026-02-28
101666,3,5,302.94,5,0,1,1,1,2026-03-31
101666,4,6,149.6,15,1,1,1,0,2026-04-30
101666,5,8,251.06,10,1,0,0,1,2026-05-31
101666,6,11,1234.42,13,1,0,1,0,2026-06-30
101667,1,6,537.19,14,0,0,1,0,2026-01-31
101667,2,8,887.33,21,1,0,1,0,2026-02-28
101667,3,12,1542.38,11,1,1,1,0,2026-03-31
101667,4,15,1421.02,7,1,1,0,0,2026-04-30
101667,5,15,1121.19,10,2,0,1,1,2026-05-31
101667,6,6,296.87,19,0,0,1,0,2026-06-30
101668,1,21,2997.68,14,0,0,1,0,2026-01-31
101668,2,29,3461.55,22,0,0,1,1,2026-02-28
101668,3,20,2015.9,12,1,0,1,0,2026-03-31
101668,4,27,1979.14,12,0,1,0,0,2026-04-30
101668,5,13,1668.2,4,0,1,1,0,2026-05-31
101668,6,19,2226.12,15,1,0,1,0,2026-06-30
101669,1,12,324.05,7,2,1,0,0,2026-01-31
101669,2,15,1108.85,12,0,0,0,1,2026-02-28
101669,3,17,985.66,13,1,0,1,0,2026-03-31
101669,4,17,1774.98,12,0,1,1,0,2026-04-30
101669,5,17,913.91,15,1,1,0,0,2026-05-31
101669,6,10,1084.83,23,0,0,1,0,2026-06-30
101670,1,8,710.17,26,0,0,1,0,2026-01-31
101670,2,18,2149.97,5,0,1,1,0,2026-02-28
101670,3,14,2022.53,14,0,0,0,0,2026-03-31
101670,4,15,724.86,12,0,0,1,0,2026-04-30
101670,5,8,1093.48,11,0,0,1,0,2026-05-31
101670,6,17,942.5,12,1,0,0,0,2026-06-30
101671,1,11,977.91,8,0,0,1,0,2026-01-31
101671,2,14,1545.47,7,2,1,1,1,2026-02-28
101671,3,13,1554.51,12,0,0,0,0,2026-03-31
101671,4,12,564.93,11,0,0,0,1,2026-04-30
101671,5,17,913.08,11,0,0,0,0,2026-05-31
101671,6,15,1099.4,9,0,0,0,0,2026-06-30
101672,1,21,3139.57,6,0,0,1,0,2026-01-31
101672,2,17,1081.93,14,0,0,1,0,2026-02-28
101672,3,14,1050.84,15,3,0,1,0,2026-03-31
101672,4,10,1471.51,13,0,1,0,0,2026-04-30
101672,5,12,342.8,11,0,1,1,1,2026-05-31
101672,6,21,800.62,6,0,0,1,0,2026-06-30
101673,1,31,3755.73,16,0,1,0,1,2026-01-31
101673,2,40,5374.07,8,0,1,1,0,2026-02-28
101673,3,34,2753.8,14,0,0,1,0,2026-03-31
101673,4,28,1968.71,29,1,1,1,1,2026-04-30
101673,5,38,1432.55,5,0,1,1,0,2026-05-31
101673,6,18,1464.78,12,0,1,1,0,2026-06-30
101674,1,17,1887.23,19,0,0,1,1,2026-01-31
101674,2,18,2292.62,13,0,0,0,0,2026-02-28
101674,3,16,2178.59,10,1,0,0,1,2026-03-31
101674,4,9,1034.78,16,0,1,0,0,2026-04-30
101674,5,20,2283.57,8,1,1,1,0,2026-05-31
101674,6,8,201.89,8,1,1,1,0,2026-06-30
101675,1,19,1561.43,18,0,1,1,0,2026-01-31
101675,2,29,2699.28,10,0,1,0,0,2026-02-28
101675,3,30,4475.18,14,0,0,1,1,2026-03-31
101675,4,35,1226.32,8,0,1,1,0,2026-04-30
101675,5,33,4163.72,15,2,1,0,1,2026-05-31
101675,6,20,2883.09,14,0,0,1,1,2026-06-30
101676,1,14,341.65,17,2,1,1,0,2026-01-31
101676,2,8,907.85,10,1,1,1,0,2026-02-28
101676,3,12,675.64,17,1,0,1,0,2026-03-31
101676,4,17,623.44,9,0,0,0,0,2026-04-30
101676,5,18,2333.8,12,1,0,1,0,2026-05-31
101676,6,10,1169.99,13,1,1,0,0,2026-06-30
101677,1,9,1089.49,11,1,0,1,0,2026-01-31
101677,2,9,537.95,11,1,1,1,0,2026-02-28
101677,3,9,1273.47,11,0,0,1,0,2026-03-31
101677,4,12,442.62,11,0,1,1,0,2026-04-30
101677,5,4,428.56,18,1,1,1,0,2026-05-31
101677,6,11,798.51,4,1,1,1,0,2026-06-30
101678,1,19,2036.47,9,0,0,0,0,2026-01-31
101678,2,22,1624.71,9,1,1,1,1,2026-02-28
101678,3,18,2482.72,13,0,0,1,0,2026-03-31
101678,4,24,3185.05,15,0,0,1,0,2026-04-30
101678,5,25,2712.48,15,1,1,1,0,2026-05-31
101678,6,17,1410.62,13,0,0,1,0,2026-06-30
101679,1,18,1830.42,20,0,0,1,0,2026-01-31
101679,2,12,1406.21,10,0,0,1,0,2026-02-28
101679,3,12,767.5,10,1,0,1,1,2026-03-31
101679,4,16,1877.52,5,0,0,0,0,2026-04-30
101679,5,22,1221.39,9,0,0,1,0,2026-05-31
101679,6,25,3190.06,8,1,0,1,0,2026-06-30
101680,1,8,251.34,17,0,0,0,0,2026-01-31
101680,2,4,495.09,16,1,1,1,0,2026-02-28
101680,3,7,507.21,19,0,1,0,1,2026-03-31
101680,4,10,240.06,19,0,0,1,0,2026-04-30
101680,5,9,821.56,16,0,0,0,0,2026-05-31
101680,6,10,600.77,7,0,1,1,0,2026-06-30
101681,1,14,993.02,9,1,0,1,0,2026-01-31
101681,2,11,684.15,10,2,0,1,0,2026-02-28
101681,3,14,1112.14,9,1,1,1,0,2026-03-31
101681,4,6,600.1,17,0,0,0,0,2026-04-30
101681,5,14,487.78,13,0,0,1,0,2026-05-31
101681,6,10,1405.15,10,1,0,1,0,2026-06-30
101682,1,27,1062.12,9,1,1,1,0,2026-01-31
101682,2,31,3331.97,10,0,1,1,0,2026-02-28
101682,3,18,1788.46,13,0,0,1,0,2026-03-31
101682,4,17,824.51,6,2,0,1,0,2026-04-30
101682,5,26,619.93,18,0,1,1,0,2026-05-31
101682,6,26,2641.52,5,0,0,1,0,2026-06-30
101683,1,10,838.78,16,1,1,1,0,2026-01-31
101683,2,6,147.35,16,0,0,1,0,2026-02-28
101683,3,4,548.88,11,1,1,0,0,2026-03-31
101683,4,8,244.04,9,0,0,0,0,2026-04-30
101683,5,10,602.97,15,1,1,1,0,2026-05-31
101683,6,9,598.82,14,0,0,1,0,2026-06-30
101684,1,30,4014.12,15,0,0,1,0,2026-01-31
101684,2,26,1603.22,15,0,0,1,0,2026-02-28
101684,3,14,1402.87,13,1,0,0,0,2026-03-31
101684,4,23,1828.98,7,0,0,1,0,2026-04-30
101684,5,32,4585.59,12,1,1,1,0,2026-05-31
101684,6,28,1183.14,12,1,1,1,0,2026-06-30
101685,1,19,1409.0,16,2,0,0,0,2026-01-31
101685,2,20,1294.18,15,1,1,0,0,2026-02-28
101685,3,20,2754.39,20,0,1,1,0,2026-03-31
101685,4,15,2144.51,19,1,1,1,0,2026-04-30
101685,5,25,3696.31,15,0,0,0,0,2026-05-31
101685,6,25,3065.21,13,0,0,1,0,2026-06-30
101686,1,19,822.75,15,0,1,1,0,2026-01-31
101686,2,15,303.42,8,2,1,0,0,2026-02-28
101686,3,15,399.78,23,0,1,0,0,2026-03-31
101686,4,14,1990.1,11,0,1,1,0,2026-04-30
101686,5,26,2910.1,11,0,0,0,0,2026-05-31
101686,6,17,2221.55,12,1,1,1,0,2026-06-30
101687,1,10,882.96,13,0,1,1,0,2026-01-31
101687,2,11,1587.97,17,2,1,1,0,2026-02-28
101687,3,14,1995.38,13,0,1,1,1,2026-03-31
101687,4,14,677.91,13,1,0,1,0,2026-04-30
101687,5,7,309.78,12,0,1,1,0,2026-05-31
101687,6,14,443.15,12,0,0,1,0,2026-06-30
101688,1,18,2179.87,13,1,1,1,0,2026-01-31
101688,2,27,725.86,13,1,1,1,0,2026-02-28
101688,3,10,394.67,12,0,0,0,1,2026-03-31
101688,4,27,2371.56,10,0,0,1,1,2026-04-30
101688,5,19,733.39,19,0,0,1,0,2026-05-31
101688,6,22,2001.93,8,0,0,1,0,2026-06-30
101689,1,4,599.65,10,1,0,1,0,2026-01-31
101689,2,5,662.35,8,0,0,1,0,2026-02-28
101689,3,5,206.86,11,0,0,1,0,2026-03-31
101689,4,5,550.87,14,2,1,1,0,2026-04-30
101689,5,7,797.72,5,2,1,1,0,2026-05-31
101689,6,4,563.19,4,0,1,0,0,2026-06-30
101690,1,12,549.27,21,0,0,1,0,2026-01-31
101690,2,15,1213.57,13,0,0,0,0,2026-02-28
101690,3,19,2360.5,8,1,1,1,0,2026-03-31
101690,4,12,1341.1,18,1,0,1,0,2026-04-30
101690,5,10,676.81,14,0,1,1,0,2026-05-31
101690,6,22,2359.98,6,1,1,1,0,2026-06-30
101691,1,10,464.38,11,0,1,0,1,2026-01-31
101691,2,11,541.86,11,1,0,1,0,2026-02-28
101691,3,23,2104.92,13,0,1,1,0,2026-03-31
101691,4,18,1033.91,12,0,1,0,0,2026-04-30
101691,5,14,2083.75,10,0,0,0,0,2026-05-31
101691,6,13,1794.74,7,0,0,1,0,2026-06-30
101692,1,8,659.22,14,1,0,1,0,2026-01-31
101692,2,10,1257.73,13,0,0,1,1,2026-02-28
101692,3,10,1466.86,17,0,1,0,0,2026-03-31
101692,4,9,293.75,16,0,1,1,1,2026-04-30
101692,5,10,1214.36,14,0,1,0,0,2026-05-31
101692,6,4,431.86,15,1,0,1,0,2026-06-30
101693,1,8,194.16,12,1,1,1,0,2026-01-31
101693,2,6,610.98,12,0,0,1,1,2026-02-28
101693,3,5,443.7,10,2,0,0,1,2026-03-31
101693,4,12,1271.28,8,0,0,0,0,2026-04-30
101693,5,12,391.21,6,0,0,0,1,2026-05-31
101693,6,7,399.16,10,1,0,1,1,2026-06-30
101694,1,20,1617.31,15,1,1,1,0,2026-01-31
101694,2,17,1547.82,9,1,1,1,0,2026-02-28
101694,3,9,929.18,20,0,0,1,0,2026-03-31
101694,4,12,1193.26,11,0,0,1,1,2026-04-30
101694,5,20,2719.92,12,1,1,0,0,2026-05-31
101694,6,23,640.97,16,1,0,0,0,2026-06-30
101695,1,14,1196.81,8,0,0,0,1,2026-01-31
101695,2,10,850.42,10,1,0,1,0,2026-02-28
101695,3,10,776.9,5,0,0,1,0,2026-03-31
101695,4,12,667.66,7,0,1,0,0,2026-04-30
101695,5,11,1482.36,3,0,0,0,0,2026-05-31
101695,6,17,366.2,22,0,1,0,1,2026-06-30
101696,1,14,843.76,8,0,0,1,0,2026-01-31
101696,2,33,4612.22,14,0,0,0,0,2026-02-28
101696,3,14,557.75,12,0,0,1,0,2026-03-31
101696,4,20,2353.82,15,1,1,1,0,2026-04-30
101696,5,34,2053.74,12,1,1,1,1,2026-05-31
101696,6,24,1401.81,2,0,0,0,0,2026-06-30
101697,1,8,735.01,9,0,1,1,0,2026-01-31
101697,2,6,295.67,9,1,1,1,0,2026-02-28
101697,3,9,555.33,16,1,1,0,0,2026-03-31
101697,4,11,1010.5,6,0,0,1,0,2026-04-30
101697,5,9,656.94,4,2,1,1,0,2026-05-31
101697,6,15,1437.33,15,5,0,0,0,2026-06-30
101698,1,7,424.22,19,1,0,0,0,2026-01-31
101698,2,5,255.44,15,0,1,0,0,2026-02-28
101698,3,7,468.21,9,1,0,1,0,2026-03-31
101698,4,12,1709.92,12,1,1,1,0,2026-04-30
101698,5,5,283.52,7,0,0,1,0,2026-05-31
101698,6,11,1553.36,6,0,1,1,1,2026-06-30
101699,1,12,1052.81,10,1,1,1,0,2026-01-31
101699,2,17,1772.69,13,0,1,1,0,2026-02-28
101699,3,17,1237.23,9,1,0,1,0,2026-03-31
101699,4,10,842.24,22,0,1,1,0,2026-04-30
101699,5,17,1189.69,14,3,1,1,0,2026-05-31
101699,6,18,2543.92,9,1,0,1,0,2026-06-30
101700,1,17,2496.62,8,1,0,1,1,2026-01-31
101700,2,8,854.62,11,1,0,1,0,2026-02-28
101700,3,10,831.15,9,0,1,0,1,2026-03-31
101700,4,16,1621.01,10,0,1,1,1,2026-04-30
101700,5,20,470.42,17,0,0,1,1,2026-05-31
101700,6,17,915.25,15,1,0,1,0,2026-06-30
101701,1,24,3062.77,7,0,1,0,0,2026-01-31
101701,2,24,653.16,17,0,0,1,0,2026-02-28
101701,3,29,1000.07,10,0,1,1,0,2026-03-31
101701,4,25,1543.26,15,0,0,0,0,2026-04-30
101701,5,23,3045.58,12,0,0,0,0,2026-05-31
101701,6,15,369.26,18,0,1,1,1,2026-06-30
101702,1,11,1637.01,13,0,0,1,0,2026-01-31
101702,2,19,629.66,15,0,1,1,0,2026-02-28
101702,3,20,1362.47,9,0,1,1,0,2026-03-31
101702,4,13,1747.82,17,0,0,0,0,2026-04-30
101702,5,24,1612.07,9,0,1,1,0,2026-05-31
101702,6,20,1843.43,14,0,1,1,1,2026-06-30
101703,1,15,2163.78,8,0,0,1,1,2026-01-31
101703,2,22,3074.68,8,0,0,0,0,2026-02-28
101703,3,16,679.78,6,1,1,0,0,2026-03-31
101703,4,17,2263.66,7,0,0,1,0,2026-04-30
101703,5,10,836.05,7,1,0,1,0,2026-05-31
101703,6,15,1415.96,13,0,1,1,0,2026-06-30
101704,1,14,380.34,14,0,1,1,0,2026-01-31
101704,2,14,908.57,12,0,0,1,0,2026-02-28
101704,3,12,297.24,8,0,1,1,0,2026-03-31
101704,4,23,1564.3,5,2,0,0,0,2026-04-30
101704,5,17,2171.52,9,2,1,0,0,2026-05-31
101704,6,12,1466.53,19,0,1,1,0,2026-06-30
101705,1,8,713.8,5,0,0,1,0,2026-01-31
101705,2,4,294.47,13,0,1,1,0,2026-02-28
101705,3,5,345.77,9,0,1,1,0,2026-03-31
101705,4,8,272.73,19,0,0,1,0,2026-04-30
101705,5,4,441.63,12,0,1,1,0,2026-05-31
101705,6,4,446.38,8,0,1,1,1,2026-06-30
101706,1,5,333.86,15,1,0,1,1,2026-01-31
101706,2,13,1766.16,6,2,0,0,0,2026-02-28
101706,3,7,173.19,6,1,0,1,0,2026-03-31
101706,4,9,515.54,8,2,1,1,1,2026-04-30
101706,5,8,768.1,10,0,1,0,0,2026-05-31
101706,6,4,565.6,10,2,0,1,1,2026-06-30
101707,1,12,317.48,17,0,1,1,0,2026-01-31
101707,2,12,1016.41,8,0,1,0,1,2026-02-28
101707,3,8,953.54,17,0,0,1,0,2026-03-31
101707,4,13,1349.41,11,0,0,1,0,2026-04-30
101707,5,15,1605.81,4,0,1,0,1,2026-05-31
101707,6,13,698.89,14,0,0,1,0,2026-06-30
101708,1,6,126.18,8,0,0,1,1,2026-01-31
101708,2,12,1660.73,14,1,1,0,0,2026-02-28
101708,3,10,1368.1,15,0,0,1,0,2026-03-31
101708,4,7,761.23,11,2,0,1,0,2026-04-30
101708,5,10,735.19,15,0,0,1,1,2026-05-31
101708,6,13,1144.1,16,1,1,1,0,2026-06-30
101709,1,3,65.71,8,1,0,0,0,2026-01-31
101709,2,9,844.68,8,0,0,0,0,2026-02-28
101709,3,4,593.15,8,0,0,1,1,2026-03-31
101709,4,4,383.09,12,2,0,1,0,2026-04-30
101709,5,5,455.66,9,0,0,1,0,2026-05-31
101709,6,5,130.86,10,1,1,1,0,2026-06-30
101710,1,4,88.14,9,0,0,1,0,2026-01-31
101710,2,4,571.71,18,1,0,1,0,2026-02-28
101710,3,6,226.24,9,1,1,1,0,2026-03-31
101710,4,6,408.84,8,0,0,1,0,2026-04-30
101710,5,6,843.14,19,0,0,1,0,2026-05-31
101710,6,3,349.58,8,0,1,1,0,2026-06-30
101711,1,19,2650.65,13,0,0,1,1,2026-01-31
101711,2,24,3467.87,12,0,1,0,0,2026-02-28
101711,3,14,1406.74,9,0,0,0,0,2026-03-31
101711,4,22,1368.13,11,0,0,1,1,2026-04-30
101711,5,14,1847.62,7,1,0,0,0,2026-05-31
101711,6,10,1324.95,10,1,0,1,0,2026-06-30
101712,1,6,515.62,10,0,0,0,1,2026-01-31
101712,2,8,905.81,10,0,1,1,1,2026-02-28
101712,3,5,725.0,20,0,1,1,0,2026-03-31
101712,4,12,1582.37,20,1,0,1,0,2026-04-30
101712,5,6,428.5,10,0,1,1,0,2026-05-31
101712,6,9,1181.5,12,0,1,0,0,2026-06-30
101713,1,11,726.42,7,1,1,1,0,2026-01-31
101713,2,10,971.24,13,0,1,1,0,2026-02-28
101713,3,11,410.91,12,0,0,0,0,2026-03-31
101713,4,9,401.85,19,0,1,1,0,2026-04-30
101713,5,6,323.5,19,0,0,1,0,2026-05-31
101713,6,9,1060.82,4,0,1,1,0,2026-06-30
101714,1,15,894.68,14,1,0,0,0,2026-01-31
101714,2,26,3107.78,6,0,0,1,1,2026-02-28
101714,3,20,1854.96,11,2,0,1,1,2026-03-31
101714,4,14,1714.46,9,0,1,1,0,2026-04-30
101714,5,24,2978.83,9,0,0,0,0,2026-05-31
101714,6,25,2598.8,16,1,1,1,0,2026-06-30
101715,1,6,663.55,20,0,0,1,0,2026-01-31
101715,2,4,198.09,5,1,1,1,0,2026-02-28
101715,3,6,266.29,10,0,0,1,1,2026-03-31
101715,4,4,594.24,10,0,1,0,1,2026-04-30
101715,5,4,266.54,17,0,0,1,0,2026-05-31
101715,6,6,464.5,13,1,1,1,0,2026-06-30
101716,1,5,219.64,16,0,0,0,0,2026-01-31
101716,2,8,508.77,16,0,1,1,0,2026-02-28
101716,3,6,370.04,6,0,1,1,1,2026-03-31
101716,4,9,583.91,15,0,0,1,0,2026-04-30
101716,5,6,273.01,23,0,1,1,1,2026-05-31
101716,6,6,884.87,11,0,1,1,0,2026-06-30
101717,1,7,570.03,21,0,1,0,0,2026-01-31
101717,2,5,239.35,12,0,1,1,1,2026-02-28
101717,3,5,467.05,8,0,1,1,1,2026-03-31
101717,4,9,246.78,14,0,1,1,1,2026-04-30
101717,5,6,266.84,10,0,0,1,0,2026-05-31
101717,6,4,400.64,10,0,0,1,0,2026-06-30
101718,1,4,449.55,9,1,1,1,0,2026-01-31
101718,2,10,869.3,18,0,0,0,0,2026-02-28
101718,3,8,345.95,17,2,0,1,0,2026-03-31
101718,4,8,713.32,11,1,0,1,0,2026-04-30
101718,5,6,313.25,15,1,1,1,0,2026-05-31
101718,6,9,1259.54,10,0,0,0,0,2026-06-30
101719,1,13,310.21,17,0,0,1,0,2026-01-31
101719,2,9,423.16,3,1,0,0,0,2026-02-28
101719,3,11,829.08,12,0,0,1,0,2026-03-31
101719,4,15,1577.51,10,1,1,0,0,2026-04-30
101719,5,14,749.45,19,2,1,1,0,2026-05-31
101719,6,14,1680.63,12,0,0,1,0,2026-06-30
101720,1,3,286.97,14,0,0,0,0,2026-01-31
101720,2,6,887.66,4,1,0,1,0,2026-02-28
101720,3,4,420.89,10,0,1,1,0,2026-03-31
101720,4,5,458.5,18,0,0,1,0,2026-04-30
101720,5,5,224.76,8,0,0,0,1,2026-05-31
101720,6,6,666.55,16,0,1,0,0,2026-06-30
101721,1,12,263.57,13,0,0,0,0,2026-01-31
101721,2,19,2675.94,8,1,0,1,1,2026-02-28
101721,3,16,2248.81,10,0,0,1,1,2026-03-31
101721,4,26,2724.23,15,0,0,1,0,2026-04-30
101721,5,20,1067.72,7,0,0,1,0,2026-05-31
101721,6,12,1170.32,16,1,0,1,0,2026-06-30
101722,1,12,1000.27,11,0,0,0,1,2026-01-31
101722,2,7,314.98,11,0,1,1,0,2026-02-28
101722,3,7,1049.11,10,0,0,0,0,2026-03-31
101722,4,10,1019.32,18,1,0,0,0,2026-04-30
101722,5,5,257.43,12,2,0,1,1,2026-05-31
101722,6,7,272.17,10,0,1,1,0,2026-06-30
101723,1,5,602.25,10,0,0,0,1,2026-01-31
101723,2,9,259.47,15,1,0,1,0,2026-02-28
101723,3,9,708.82,10,0,1,1,0,2026-03-31
101723,4,9,453.74,13,0,0,1,0,2026-04-30
101723,5,5,326.25,18,0,0,1,0,2026-05-31
101723,6,4,165.66,11,0,0,0,0,2026-06-30
101724,1,19,1867.69,13,1,0,1,0,2026-01-31
101724,2,16,1274.7,18,0,1,0,0,2026-02-28
101724,3,15,1202.88,8,0,0,1,0,2026-03-31
101724,4,15,2156.28,14,1,1,1,1,2026-04-30
101724,5,20,926.54,10,0,0,1,0,2026-05-31
101724,6,23,1809.91,8,1,1,1,1,2026-06-30
101725,1,10,260.85,6,2,0,0,1,2026-01-31
101725,2,13,1567.76,11,0,0,1,1,2026-02-28
101725,3,13,539.06,15,3,1,1,0,2026-03-31
101725,4,14,1164.34,12,0,0,1,0,2026-04-30
101725,5,12,521.35,7,0,0,1,0,2026-05-31
101725,6,15,1513.78,8,1,0,1,0,2026-06-30
101726,1,12,328.13,16,1,0,1,0,2026-01-31
101726,2,10,857.85,6,0,0,1,1,2026-02-28
101726,3,10,1372.61,8,0,0,1,0,2026-03-31
101726,4,11,1482.89,13,0,0,1,0,2026-04-30
101726,5,13,871.04,9,1,1,1,1,2026-05-31
101726,6,10,1042.56,20,0,0,1,1,2026-06-30
101727,1,31,2529.34,9,1,0,0,0,2026-01-31
101727,2,19,797.29,15,2,1,1,1,2026-02-28
101727,3,23,735.68,17,0,1,0,0,2026-03-31
101727,4,18,836.79,14,1,0,1,1,2026-04-30
101727,5,25,3647.38,17,1,1,1,0,2026-05-31
101727,6,18,1423.76,13,0,1,1,0,2026-06-30
101728,1,20,1698.44,17,0,0,1,1,2026-01-31
101728,2,10,1459.17,8,1,0,0,0,2026-02-28
101728,3,18,2445.04,9,1,0,1,0,2026-03-31
101728,4,18,1198.65,15,1,0,0,0,2026-04-30
101728,5,10,588.46,9,0,0,1,0,2026-05-31
101728,6,21,2576.26,8,0,0,0,1,2026-06-30
101729,1,26,598.42,10,0,1,1,0,2026-01-31
101729,2,19,871.87,20,1,1,0,0,2026-02-28
101729,3,14,1582.72,19,0,1,1,1,2026-03-31
101729,4,21,914.21,12,0,1,1,0,2026-04-30
101729,5,30,838.7,15,0,0,0,0,2026-05-31
101729,6,22,3265.3,13,0,1,1,0,2026-06-30
101730,1,5,298.61,23,0,0,1,0,2026-01-31
101730,2,4,245.63,10,0,0,1,0,2026-02-28
101730,3,6,303.78,9,1,1,1,0,2026-03-31
101730,4,4,315.7,11,1,1,1,0,2026-04-30
101730,5,3,148.96,12,0,0,1,0,2026-05-31
101730,6,6,252.43,12,1,0,1,1,2026-06-30
101731,1,14,765.66,9,1,0,1,1,2026-01-31
101731,2,19,2687.55,13,1,0,1,0,2026-02-28
101731,3,16,1199.53,18,0,0,0,0,2026-03-31
101731,4,15,1259.97,12,0,1,1,0,2026-04-30
101731,5,12,982.39,10,1,0,1,0,2026-05-31
101731,6,10,480.98,7,0,0,0,1,2026-06-30
101732,1,10,723.88,18,1,0,1,0,2026-01-31
101732,2,11,308.0,11,1,1,1,0,2026-02-28
101732,3,15,1052.89,17,0,1,1,0,2026-03-31
101732,4,16,1296.94,14,1,1,0,0,2026-04-30
101732,5,17,1149.28,13,1,0,1,0,2026-05-31
101732,6,17,1597.33,16,1,0,0,0,2026-06-30
101733,1,1,69.61,10,2,0,1,0,2026-01-31
101733,2,1,63.5,8,1,0,1,0,2026-02-28
101733,3,2,63.34,16,0,0,0,0,2026-03-31
101733,4,2,89.37,14,0,0,0,0,2026-04-30
101733,5,2,283.17,14,0,0,1,0,2026-05-31
101733,6,1,120.83,6,0,1,1,0,2026-06-30
101734,1,5,340.37,16,0,0,1,0,2026-01-31
101734,2,3,216.57,11,0,0,1,0,2026-02-28
101734,3,6,415.52,8,0,1,0,0,2026-03-31
101734,4,4,328.07,15,2,0,1,0,2026-04-30
101734,5,3,242.85,15,0,1,0,0,2026-05-31
101734,6,5,680.02,7,0,0,1,0,2026-06-30
101735,1,22,1291.2,9,0,0,1,0,2026-01-31
101735,2,9,587.53,12,0,1,1,0,2026-02-28
101735,3,11,795.05,12,1,0,0,0,2026-03-31
101735,4,23,3318.47,11,0,1,0,0,2026-04-30
101735,5,20,1940.74,8,0,0,0,0,2026-05-31
101735,6,13,779.62,14,0,1,1,0,2026-06-30
101736,1,6,510.99,15,1,0,0,0,2026-01-31
101736,2,11,938.8,5,1,0,1,0,2026-02-28
101736,3,8,326.25,12,1,1,1,0,2026-03-31
101736,4,8,949.59,14,1,0,0,0,2026-04-30
101736,5,10,849.32,13,0,0,1,1,2026-05-31
101736,6,8,211.88,8,1,0,1,0,2026-06-30
101737,1,13,864.54,14,0,0,1,0,2026-01-31
101737,2,18,523.5,21,0,0,1,0,2026-02-28
101737,3,20,2724.48,7,0,1,1,0,2026-03-31
101737,4,22,1206.56,16,0,0,0,0,2026-04-30
101737,5,18,2356.51,19,1,1,1,0,2026-05-31
101737,6,25,3296.47,11,1,1,1,0,2026-06-30
101738,1,22,2708.12,26,0,0,0,0,2026-01-31
101738,2,18,1960.96,6,0,0,0,0,2026-02-28
101738,3,13,425.76,4,0,0,1,1,2026-03-31
101738,4,12,480.73,12,0,0,1,0,2026-04-30
101738,5,25,3095.8,14,0,0,1,0,2026-05-31
101738,6,15,444.62,9,1,0,0,1,2026-06-30
101739,1,9,1169.43,14,0,1,0,0,2026-01-31
101739,2,12,425.15,12,0,1,1,0,2026-02-28
101739,3,5,370.97,4,1,1,1,0,2026-03-31
101739,4,7,745.01,16,1,0,1,0,2026-04-30
101739,5,11,245.08,12,0,0,1,1,2026-05-31
101739,6,8,712.07,9,0,1,1,0,2026-06-30
101740,1,26,1852.94,7,2,1,1,1,2026-01-31
101740,2,18,1011.7,8,0,1,0,0,2026-02-28
101740,3,19,890.6,15,1,0,0,1,2026-03-31
101740,4,22,1848.0,29,0,1,1,0,2026-04-30
101740,5,24,1713.07,12,0,0,1,0,2026-05-31
101740,6,17,1013.9,15,0,1,0,1,2026-06-30
101741,1,8,458.24,18,0,1,1,0,2026-01-31
101741,2,7,899.12,9,0,0,0,0,2026-02-28
101741,3,11,944.73,11,1,1,1,0,2026-03-31
101741,4,6,773.22,12,1,0,0,1,2026-04-30
101741,5,5,723.02,9,0,0,0,0,2026-05-31
101741,6,8,607.54,15,0,0,0,0,2026-06-30
101742,1,12,988.68,14,0,0,1,0,2026-01-31
101742,2,14,1765.0,3,0,0,1,0,2026-02-28
101742,3,9,1281.97,8,0,0,1,0,2026-03-31
101742,4,7,244.06,20,0,1,1,0,2026-04-30
101742,5,14,668.72,12,0,1,1,0,2026-05-31
101742,6,10,1018.04,6,0,1,0,0,2026-06-30
101743,1,1,29.44,7,0,1,1,0,2026-01-31
101743,2,2,154.92,10,1,0,1,1,2026-02-28
101743,3,2,229.3,8,1,0,0,1,2026-03-31
101743,4,1,77.69,15,0,0,1,0,2026-04-30
101743,5,1,142.9,15,0,0,0,0,2026-05-31
101743,6,2,285.92,12,1,1,1,0,2026-06-30
101744,1,7,848.65,20,0,0,1,1,2026-01-31
101744,2,7,567.13,21,1,0,1,0,2026-02-28
101744,3,11,1178.8,13,0,0,1,0,2026-03-31
101744,4,16,1987.12,10,0,0,0,0,2026-04-30
101744,5,14,1511.03,12,0,0,1,0,2026-05-31
101744,6,14,1482.62,11,0,1,1,1,2026-06-30
101745,1,8,881.54,13,0,1,0,0,2026-01-31
101745,2,5,256.19,10,1,0,0,0,2026-02-28
101745,3,5,153.03,14,1,0,1,0,2026-03-31
101745,4,8,316.07,10,0,1,1,0,2026-04-30
101745,5,9,1127.53,7,0,1,1,0,2026-05-31
101745,6,10,1467.32,8,0,1,1,0,2026-06-30
101746,1,10,1215.38,9,0,0,0,0,2026-01-31
101746,2,16,1920.42,9,1,1,1,0,2026-02-28
101746,3,14,385.8,11,0,1,1,0,2026-03-31
101746,4,22,1490.65,10,0,0,1,1,2026-04-30
101746,5,11,472.2,12,0,0,0,0,2026-05-31
101746,6,19,2129.99,8,1,1,0,1,2026-06-30
101747,1,15,1448.27,11,0,0,1,0,2026-01-31
101747,2,17,2439.01,9,1,0,0,0,2026-02-28
101747,3,21,2129.13,14,1,1,0,0,2026-03-31
101747,4,11,1176.16,6,1,0,1,1,2026-04-30
101747,5,21,2416.14,17,0,1,1,0,2026-05-31
101747,6,23,1468.87,11,0,0,0,0,2026-06-30
101748,1,20,2493.74,14,1,0,1,0,2026-01-31
101748,2,22,3216.8,13,0,0,0,0,2026-02-28
101748,3,37,2448.91,8,1,0,1,0,2026-03-31
101748,4,24,744.3,10,0,0,1,0,2026-04-30
101748,5,24,2771.14,17,1,1,1,0,2026-05-31
101748,6,22,1296.66,16,1,1,1,1,2026-06-30
101749,1,4,124.71,9,1,0,1,1,2026-01-31
101749,2,6,636.57,8,1,0,0,0,2026-02-28
101749,3,4,212.23,10,0,0,0,0,2026-03-31
101749,4,4,460.74,18,1,0,1,0,2026-04-30
101749,5,4,88.74,14,1,0,1,0,2026-05-31
101749,6,7,695.59,12,0,1,0,1,2026-06-30
101750,1,9,1315.3,10,0,1,0,0,2026-01-31
101750,2,12,639.32,8,1,0,0,1,2026-02-28
101750,3,7,206.88,12,0,0,1,1,2026-03-31
101750,4,13,329.03,13,0,0,1,0,2026-04-30
101750,5,11,1173.03,15,2,1,1,0,2026-05-31
101750,6,12,365.41,8,0,1,1,0,2026-06-30
101751,1,2,77.92,9,0,0,1,0,2026-01-31
101751,2,2,242.71,14,0,1,1,0,2026-02-28
101751,3,3,99.88,9,1,0,0,0,2026-03-31
101751,4,2,95.37,18,0,0,1,1,2026-04-30
101751,5,2,152.97,7,0,0,0,0,2026-05-31
101751,6,3,315.48,11,0,0,0,1,2026-06-30
101752,1,18,2087.26,16,0,0,1,0,2026-01-31
101752,2,25,2391.76,6,0,1,1,0,2026-02-28
101752,3,15,886.95,18,0,1,0,1,2026-03-31
101752,4,13,806.88,14,1,0,1,0,2026-04-30
101752,5,20,918.81,14,1,0,1,1,2026-05-31
101752,6,24,1826.72,17,0,0,1,0,2026-06-30
101753,1,28,2801.49,21,0,0,1,0,2026-01-31
101753,2,18,2621.32,12,0,0,0,1,2026-02-28
101753,3,17,2186.48,19,0,0,0,0,2026-03-31
101753,4,22,1763.86,23,0,0,0,0,2026-04-30
101753,5,33,2804.9,9,0,0,1,0,2026-05-31
101753,6,30,3439.74,12,1,0,1,0,2026-06-30
101754,1,13,422.33,17,1,0,1,0,2026-01-31
101754,2,26,3657.72,11,1,1,0,1,2026-02-28
101754,3,14,1828.24,10,1,1,0,0,2026-03-31
101754,4,18,2414.83,7,1,0,1,0,2026-04-30
101754,5,22,690.04,13,0,1,0,1,2026-05-31
101754,6,20,1072.07,19,1,0,1,0,2026-06-30
101755,1,10,406.39,17,0,0,1,1,2026-01-31
101755,2,21,550.39,16,0,0,1,0,2026-02-28
101755,3,17,1310.05,16,0,1,1,0,2026-03-31
101755,4,12,1719.64,20,0,1,0,0,2026-04-30
101755,5,16,2145.4,8,0,0,1,1,2026-05-31
101755,6,21,2019.53,11,0,0,1,0,2026-06-30
101756,1,8,857.8,9,0,0,1,1,2026-01-31
101756,2,5,363.63,10,0,1,1,1,2026-02-28
101756,3,6,872.3,11,1,0,1,0,2026-03-31
101756,4,4,236.03,12,0,0,1,0,2026-04-30
101756,5,4,215.32,12,1,0,0,0,2026-05-31
101756,6,4,124.67,10,1,0,1,0,2026-06-30
101757,1,18,1132.21,9,0,1,1,0,2026-01-31
101757,2,26,792.89,9,2,1,0,0,2026-02-28
101757,3,25,3661.42,17,1,0,0,0,2026-03-31
101757,4,22,600.71,11,0,0,1,0,2026-04-30
101757,5,26,828.93,8,0,0,1,0,2026-05-31
101757,6,35,4635.78,16,0,1,1,0,2026-06-30
101758,1,16,805.41,16,0,1,1,1,2026-01-31
101758,2,7,965.53,14,1,0,0,0,2026-02-28
101758,3,8,344.4,11,1,1,1,1,2026-03-31
101758,4,11,302.1,10,0,0,0,0,2026-04-30
101758,5,13,1452.63,16,0,1,1,1,2026-05-31
101758,6,9,225.35,10,1,0,1,0,2026-06-30
101759,1,10,534.37,9,0,0,1,0,2026-01-31
101759,2,7,332.91,18,1,0,1,0,2026-02-28
101759,3,9,804.35,13,0,0,1,1,2026-03-31
101759,4,11,1222.29,18,0,1,1,0,2026-04-30
101759,5,13,1493.78,9,1,1,1,1,2026-05-31
101759,6,9,1132.06,18,1,0,1,0,2026-06-30
101760,1,12,1481.04,16,1,0,0,1,2026-01-31
101760,2,14,1898.38,5,1,0,0,0,2026-02-28
101760,3,13,1106.6,16,0,1,1,0,2026-03-31
101760,4,9,310.91,13,0,1,0,0,2026-04-30
101760,5,10,706.03,12,0,0,1,0,2026-05-31
101760,6,10,955.02,19,2,1,1,0,2026-06-30
101761,1,11,1621.06,17,0,0,1,0,2026-01-31
101761,2,16,1277.73,11,0,0,1,0,2026-02-28
101761,3,18,1603.99,16,0,1,0,0,2026-03-31
101761,4,22,1447.88,8,1,0,0,0,2026-04-30
101761,5,18,808.31,14,0,0,0,0,2026-05-31
101761,6,22,2553.09,9,1,1,1,0,2026-06-30
101762,1,6,899.27,13,0,0,1,0,2026-01-31
101762,2,6,532.67,11,0,1,1,0,2026-02-28
101762,3,4,185.59,10,0,1,1,0,2026-03-31
101762,4,6,499.27,9,0,0,1,1,2026-04-30
101762,5,4,348.26,12,0,1,1,0,2026-05-31
101762,6,7,997.53,12,0,0,1,0,2026-06-30
101763,1,12,426.97,18,1,1,1,0,2026-01-31
101763,2,6,520.15,7,0,0,1,1,2026-02-28
101763,3,7,383.2,16,0,0,1,0,2026-03-31
101763,4,12,815.02,10,0,0,1,1,2026-04-30
101763,5,8,471.02,14,1,0,1,0,2026-05-31
101763,6,12,845.37,14,0,1,0,0,2026-06-30
101764,1,7,150.25,12,0,1,1,0,2026-01-31
101764,2,8,783.61,12,0,0,0,0,2026-02-28
101764,3,4,358.95,17,1,0,1,0,2026-03-31
101764,4,6,173.01,9,1,0,1,0,2026-04-30
101764,5,6,370.45,9,0,0,0,1,2026-05-31
101764,6,8,578.59,11,0,0,1,0,2026-06-30
101765,1,27,3304.37,17,1,0,0,0,2026-01-31
101765,2,22,2999.9,16,0,0,1,0,2026-02-28
101765,3,15,1983.5,7,1,0,1,0,2026-03-31
101765,4,23,2740.37,19,0,0,1,0,2026-04-30
101765,5,25,3534.96,8,0,0,1,0,2026-05-31
101765,6,28,1439.27,10,1,1,1,1,2026-06-30
101766,1,4,335.5,14,0,1,0,0,2026-01-31
101766,2,6,645.09,13,0,0,1,0,2026-02-28
101766,3,7,327.14,14,0,0,1,0,2026-03-31
101766,4,3,342.09,16,1,1,1,0,2026-04-30
101766,5,4,348.43,8,1,1,1,0,2026-05-31
101766,6,7,419.05,10,1,0,0,0,2026-06-30
101767,1,19,2192.04,15,1,0,0,0,2026-01-31
101767,2,22,619.12,8,0,0,1,0,2026-02-28
101767,3,14,892.87,10,0,0,1,0,2026-03-31
101767,4,21,3056.91,13,0,0,1,0,2026-04-30
101767,5,12,279.67,8,0,0,0,0,2026-05-31
101767,6,23,1097.88,3,0,0,1,0,2026-06-30
101768,1,10,359.24,8,2,0,1,0,2026-01-31
101768,2,11,1207.25,12,0,1,0,1,2026-02-28
101768,3,12,731.9,9,2,1,0,0,2026-03-31
101768,4,15,1155.38,8,0,0,1,1,2026-04-30
101768,5,8,405.4,12,0,0,1,1,2026-05-31
101768,6,14,305.27,15,0,0,1,0,2026-06-30
101769,1,12,1749.4,9,1,0,1,1,2026-01-31
101769,2,8,353.49,13,0,0,0,1,2026-02-28
101769,3,12,646.88,10,0,1,0,0,2026-03-31
101769,4,13,697.22,11,0,0,1,0,2026-04-30
101769,5,6,225.04,14,0,0,0,0,2026-05-31
101769,6,7,1022.63,10,0,1,1,0,2026-06-30
101770,1,5,318.4,4,0,1,1,0,2026-01-31
101770,2,5,611.01,9,0,1,1,0,2026-02-28
101770,3,8,756.18,11,0,0,1,0,2026-03-31
101770,4,3,104.73,14,1,0,1,1,2026-04-30
101770,5,6,267.48,14,0,1,0,0,2026-05-31
101770,6,7,184.56,8,1,0,0,1,2026-06-30
101771,1,8,1115.13,8,0,1,1,0,2026-01-31
101771,2,7,708.33,10,0,1,1,0,2026-02-28
101771,3,5,497.32,11,0,0,1,0,2026-03-31
101771,4,10,602.5,7,0,0,1,0,2026-04-30
101771,5,10,479.2,20,0,0,0,0,2026-05-31
101771,6,9,925.08,9,0,0,0,0,2026-06-30
101772,1,20,804.39,7,1,1,0,0,2026-01-31
101772,2,20,1618.02,9,0,0,1,0,2026-02-28
101772,3,11,1184.91,19,1,1,0,0,2026-03-31
101772,4,20,1493.02,12,0,1,1,0,2026-04-30
101772,5,16,1980.28,11,1,0,1,0,2026-05-31
101772,6,15,631.44,21,1,0,1,0,2026-06-30
101773,1,15,516.66,17,0,1,0,1,2026-01-31
101773,2,10,360.1,14,0,0,1,1,2026-02-28
101773,3,14,1482.98,14,0,1,0,0,2026-03-31
101773,4,10,364.85,16,0,1,1,1,2026-04-30
101773,5,13,367.52,11,0,0,1,0,2026-05-31
101773,6,11,310.88,15,1,1,1,0,2026-06-30
101774,1,13,674.97,11,0,1,1,0,2026-01-31
101774,2,13,722.42,6,0,0,1,0,2026-02-28
101774,3,7,383.04,12,1,1,0,0,2026-03-31
101774,4,11,1435.95,6,2,0,1,0,2026-04-30
101774,5,12,1071.26,14,1,1,1,0,2026-05-31
101774,6,5,665.02,16,0,0,1,0,2026-06-30
101775,1,20,1328.78,18,1,0,1,1,2026-01-31
101775,2,21,2311.34,16,1,1,1,1,2026-02-28
101775,3,17,1349.52,13,0,1,1,0,2026-03-31
101775,4,16,594.14,12,0,0,1,0,2026-04-30
101775,5,28,3307.16,11,0,1,1,0,2026-05-31
101775,6,23,1159.88,14,0,1,1,0,2026-06-30
101776,1,24,1869.92,8,1,1,1,0,2026-01-31
101776,2,23,2919.48,17,1,1,0,0,2026-02-28
101776,3,22,2482.53,23,0,1,1,0,2026-03-31
101776,4,15,1045.79,11,0,1,1,0,2026-04-30
101776,5,18,837.31,17,0,0,0,0,2026-05-31
101776,6,20,1561.47,12,0,1,1,0,2026-06-30
101777,1,2,138.41,5,0,1,1,1,2026-01-31
101777,2,6,429.77,17,1,0,1,0,2026-02-28
101777,3,5,520.84,14,2,0,1,0,2026-03-31
101777,4,7,287.97,16,0,1,1,0,2026-04-30
101777,5,5,742.87,14,0,0,0,0,2026-05-31
101777,6,4,176.99,12,0,0,0,1,2026-06-30
101778,1,15,1508.82,11,0,1,1,0,2026-01-31
101778,2,13,1744.11,11,0,1,1,0,2026-02-28
101778,3,16,1544.5,16,1,0,0,0,2026-03-31
101778,4,16,1341.79,18,0,0,1,0,2026-04-30
101778,5,8,632.03,12,0,0,0,0,2026-05-31
101778,6,14,1899.82,15,0,1,1,0,2026-06-30
101779,1,7,735.62,4,2,0,1,1,2026-01-31
101779,2,16,1769.81,15,3,0,1,0,2026-02-28
101779,3,13,957.06,14,0,0,0,0,2026-03-31
101779,4,7,447.8,11,2,1,1,0,2026-04-30
101779,5,16,643.73,9,2,0,0,0,2026-05-31
101779,6,11,899.92,6,0,0,1,0,2026-06-30
101780,1,29,922.56,7,0,1,1,0,2026-01-31
101780,2,23,2769.54,15,0,0,0,0,2026-02-28
101780,3,25,940.17,14,1,0,0,0,2026-03-31
101780,4,29,3829.06,11,0,1,1,0,2026-04-30
101780,5,22,912.03,15,1,0,1,0,2026-05-31
101780,6,28,2203.54,6,0,0,1,1,2026-06-30
101781,1,6,435.08,9,0,0,1,0,2026-01-31
101781,2,6,616.82,18,0,0,0,0,2026-02-28
101781,3,6,802.15,23,1,1,1,0,2026-03-31
101781,4,9,683.83,21,0,1,1,0,2026-04-30
101781,5,8,662.68,19,0,1,1,0,2026-05-31
101781,6,7,1020.17,7,0,1,1,0,2026-06-30
101782,1,11,702.14,6,0,0,1,1,2026-01-31
101782,2,8,829.74,7,0,1,1,0,2026-02-28
101782,3,8,719.01,14,0,1,0,0,2026-03-31
101782,4,5,162.96,10,0,0,0,1,2026-04-30
101782,5,6,371.33,8,0,0,1,1,2026-05-31
101782,6,6,423.62,12,0,1,0,0,2026-06-30
101783,1,13,923.37,6,1,1,1,0,2026-01-31
101783,2,21,1746.53,10,3,0,1,0,2026-02-28
101783,3,26,1661.09,15,0,0,1,0,2026-03-31
101783,4,14,952.21,13,0,0,1,0,2026-04-30
101783,5,17,979.75,7,0,0,1,1,2026-05-31
101783,6,18,1894.68,7,0,0,1,0,2026-06-30
101784,1,25,1954.3,8,0,1,0,0,2026-01-31
101784,2,15,2204.96,8,1,0,1,0,2026-02-28
101784,3,25,1619.59,17,0,0,1,0,2026-03-31
101784,4,14,728.71,18,1,0,1,0,2026-04-30
101784,5,24,1214.11,6,0,0,1,0,2026-05-31
101784,6,12,1106.97,12,1,0,1,1,2026-06-30
101785,1,9,1139.56,6,0,0,1,1,2026-01-31
101785,2,12,1022.94,5,0,1,1,0,2026-02-28
101785,3,6,217.58,13,0,1,0,1,2026-03-31
101785,4,9,475.7,8,2,0,1,1,2026-04-30
101785,5,11,561.14,8,0,1,1,0,2026-05-31
101785,6,9,599.8,16,0,1,1,0,2026-06-30
101786,1,17,2455.65,14,0,0,0,0,2026-01-31
101786,2,11,241.58,13,0,0,0,0,2026-02-28
101786,3,7,278.33,12,0,0,0,0,2026-03-31
101786,4,11,1619.51,11,0,1,0,0,2026-04-30
101786,5,17,1056.39,11,1,0,0,0,2026-05-31
101786,6,9,503.25,8,0,1,0,0,2026-06-30
101787,1,10,633.0,8,1,0,1,0,2026-01-31
101787,2,19,2684.74,7,0,1,1,0,2026-02-28
101787,3,18,2695.77,19,0,1,1,1,2026-03-31
101787,4,13,499.99,17,1,0,1,0,2026-04-30
101787,5,17,1860.86,15,0,0,1,0,2026-05-31
101787,6,12,781.52,10,0,0,1,0,2026-06-30
101788,1,8,519.05,11,0,1,1,0,2026-01-31
101788,2,6,445.56,10,0,1,1,1,2026-02-28
101788,3,7,580.14,19,1,0,1,0,2026-03-31
101788,4,7,757.78,10,1,1,1,0,2026-04-30
101788,5,5,615.39,17,0,0,1,0,2026-05-31
101788,6,11,1499.16,7,0,0,1,0,2026-06-30
101789,1,16,1650.28,19,0,0,1,0,2026-01-31
101789,2,10,923.55,8,0,1,1,0,2026-02-28
101789,3,17,816.02,11,0,0,1,0,2026-03-31
101789,4,11,573.12,9,0,0,1,0,2026-04-30
101789,5,10,668.03,7,1,1,0,0,2026-05-31
101789,6,9,276.72,14,1,0,1,0,2026-06-30
101790,1,23,1105.53,7,0,0,0,0,2026-01-31
101790,2,15,891.82,16,0,0,1,0,2026-02-28
101790,3,22,3296.66,19,0,1,1,0,2026-03-31
101790,4,17,1988.88,8,0,0,1,0,2026-04-30
101790,5,16,2348.19,6,0,0,1,0,2026-05-31
101790,6,21,1622.42,12,0,0,1,0,2026-06-30
101791,1,17,1488.97,9,1,0,0,1,2026-01-31
101791,2,16,1667.01,14,0,1,0,1,2026-02-28
101791,3,24,965.81,12,1,0,0,0,2026-03-31
101791,4,15,1075.63,10,2,1,1,0,2026-04-30
101791,5,18,2653.37,8,2,0,1,0,2026-05-31
101791,6,13,1832.14,17,0,0,0,0,2026-06-30
101792,1,19,456.03,9,1,1,1,0,2026-01-31
101792,2,10,203.39,12,1,1,1,0,2026-02-28
101792,3,11,463.57,15,1,1,1,0,2026-03-31
101792,4,12,1525.22,14,1,0,1,0,2026-04-30
101792,5,9,200.51,6,1,1,1,1,2026-05-31
101792,6,19,968.84,6,0,0,1,1,2026-06-30
101793,1,22,2176.12,9,1,1,0,0,2026-01-31
101793,2,16,1028.87,10,1,0,1,1,2026-02-28
101793,3,9,1097.1,14,1,1,0,0,2026-03-31
101793,4,14,1540.25,9,1,0,1,0,2026-04-30
101793,5,9,233.46,11,0,1,1,0,2026-05-31
101793,6,10,334.27,22,0,1,0,0,2026-06-30
101794,1,21,1100.05,6,1,1,0,0,2026-01-31
101794,2,12,777.95,19,2,0,1,0,2026-02-28
101794,3,14,979.72,3,0,0,0,0,2026-03-31
101794,4,18,2269.73,11,1,0,1,0,2026-04-30
101794,5,12,1204.07,5,0,0,1,0,2026-05-31
101794,6,20,2452.17,8,1,0,1,0,2026-06-30
101795,1,11,889.72,18,0,1,1,1,2026-01-31
101795,2,10,975.6,4,0,1,1,0,2026-02-28
101795,3,12,1325.28,5,1,1,1,0,2026-03-31
101795,4,14,524.1,11,0,0,1,0,2026-04-30
101795,5,7,267.18,10,0,0,1,0,2026-05-31
101795,6,10,393.8,6,0,1,1,0,2026-06-30
101796,1,5,296.62,12,1,0,1,0,2026-01-31
101796,2,12,1299.73,8,0,1,1,1,2026-02-28
101796,3,13,1113.85,12,0,1,1,0,2026-03-31
101796,4,12,1570.36,10,0,1,1,1,2026-04-30
101796,5,9,1121.67,6,0,1,0,0,2026-05-31
101796,6,11,1138.54,21,0,0,1,0,2026-06-30
101797,1,19,1198.15,16,0,0,1,0,2026-01-31
101797,2,9,316.73,18,1,0,1,0,2026-02-28
101797,3,17,2181.6,13,1,1,1,0,2026-03-31
101797,4,13,1405.87,13,0,0,0,0,2026-04-30
101797,5,8,667.31,20,1,1,0,0,2026-05-31
101797,6,19,1871.11,19,0,1,0,0,2026-06-30
101798,1,26,3107.3,12,0,0,0,0,2026-01-31
101798,2,13,592.04,16,1,1,1,1,2026-02-28
101798,3,23,660.24,17,2,0,1,1,2026-03-31
101798,4,17,1838.36,12,0,0,1,0,2026-04-30
101798,5,28,1676.32,12,1,0,1,0,2026-05-31
101798,6,25,2541.12,3,2,1,0,0,2026-06-30
101799,1,12,639.74,5,0,0,1,1,2026-01-31
101799,2,15,1155.43,15,1,1,1,0,2026-02-28
101799,3,7,503.36,19,0,0,1,0,2026-03-31
101799,4,7,428.26,13,0,1,0,0,2026-04-30
101799,5,14,1773.17,8,0,1,1,0,2026-05-31
101799,6,12,1791.94,12,0,0,1,0,2026-06-30
101800,1,10,750.36,18,1,1,1,1,2026-01-31
101800,2,8,869.51,13,0,1,0,0,2026-02-28
101800,3,8,1070.38,12,2,1,0,0,2026-03-31
101800,4,5,178.81,16,0,0,1,1,2026-04-30
101800,5,5,557.5,15,0,1,1,1,2026-05-31
101800,6,10,1174.97,11,0,0,1,0,2026-06-30
101801,1,7,579.99,9,0,0,1,1,2026-01-31
101801,2,8,1135.61,13,1,1,1,0,2026-02-28
101801,3,11,377.22,8,2,0,1,1,2026-03-31
101801,4,8,490.31,16,0,1,1,1,2026-04-30
101801,5,9,340.07,11,0,0,0,1,2026-05-31
101801,6,9,1226.89,8,1,1,1,1,2026-06-30
101802,1,7,1007.31,26,0,0,0,0,2026-01-31
101802,2,14,979.97,19,0,0,1,0,2026-02-28
101802,3,15,2009.51,16,0,1,1,0,2026-03-31
101802,4,10,1072.75,8,0,0,1,0,2026-04-30
101802,5,14,1512.84,12,0,1,0,0,2026-05-31
101802,6,12,1258.44,15,1,1,1,0,2026-06-30
101803,1,14,1691.11,21,0,0,0,0,2026-01-31
101803,2,14,1691.72,9,0,1,1,0,2026-02-28
101803,3,15,346.0,9,1,1,1,0,2026-03-31
101803,4,20,2350.14,14,0,0,0,0,2026-04-30
101803,5,19,512.4,16,1,0,0,1,2026-05-31
101803,6,12,751.69,14,0,1,1,0,2026-06-30
101804,1,10,1228.25,20,0,0,0,0,2026-01-31
101804,2,5,313.51,15,0,1,1,0,2026-02-28
101804,3,5,509.25,11,1,0,1,0,2026-03-31
101804,4,6,297.1,13,0,1,1,0,2026-04-30
101804,5,6,241.47,6,0,1,0,1,2026-05-31
101804,6,10,937.79,9,1,0,0,0,2026-06-30
101805,1,5,310.67,10,0,0,1,0,2026-01-31
101805,2,8,445.71,8,0,0,1,0,2026-02-28
101805,3,10,799.3,11,1,0,0,0,2026-03-31
101805,4,5,360.25,11,1,1,1,0,2026-04-30
101805,5,11,1518.89,17,0,1,1,0,2026-05-31
101805,6,7,510.26,10,0,1,1,0,2026-06-30
101806,1,10,926.21,3,0,0,0,0,2026-01-31
101806,2,10,693.83,8,0,1,1,0,2026-02-28
101806,3,10,460.39,12,0,1,1,0,2026-03-31
101806,4,8,918.72,7,1,1,0,0,2026-04-30
101806,5,11,394.38,6,1,1,1,0,2026-05-31
101806,6,6,127.82,21,0,1,1,0,2026-06-30
101807,1,4,420.83,16,1,0,1,0,2026-01-31
101807,2,5,299.04,10,0,0,1,1,2026-02-28
101807,3,11,1191.8,12,0,1,1,0,2026-03-31
101807,4,4,424.03,16,1,0,1,0,2026-04-30
101807,5,7,174.99,12,0,0,1,1,2026-05-31
101807,6,11,864.98,7,0,0,1,1,2026-06-30
101808,1,10,759.74,16,0,1,0,1,2026-01-31
101808,2,14,1343.54,14,0,1,1,0,2026-02-28
101808,3,18,520.15,20,0,1,1,0,2026-03-31
101808,4,12,316.18,9,1,0,1,0,2026-04-30
101808,5,24,3437.19,14,2,1,0,1,2026-05-31
101808,6,23,2806.1,7,0,0,0,0,2026-06-30
101809,1,27,1716.23,10,0,0,1,0,2026-01-31
101809,2,37,5431.11,5,0,0,1,0,2026-02-28
101809,3,29,1501.01,8,0,1,0,0,2026-03-31
101809,4,16,421.57,7,1,0,1,0,2026-04-30
101809,5,21,451.21,18,1,0,0,1,2026-05-31
101809,6,15,944.01,13,0,0,1,0,2026-06-30
101810,1,7,681.71,16,0,1,1,1,2026-01-31
101810,2,5,580.43,16,2,1,1,0,2026-02-28
101810,3,9,465.62,17,0,0,1,0,2026-03-31
101810,4,10,1021.38,23,1,0,0,0,2026-04-30
101810,5,8,948.92,17,0,1,1,0,2026-05-31
101810,6,11,463.72,14,1,0,1,0,2026-06-30
101811,1,6,236.98,6,0,1,1,0,2026-01-31
101811,2,8,955.01,18,1,0,1,0,2026-02-28
101811,3,5,498.83,13,2,0,0,0,2026-03-31
101811,4,8,881.84,7,0,0,0,0,2026-04-30
101811,5,11,376.58,11,1,1,1,0,2026-05-31
101811,6,6,652.86,15,0,0,1,0,2026-06-30
101812,1,4,557.73,16,2,0,1,0,2026-01-31
101812,2,10,1363.75,12,2,0,1,0,2026-02-28
101812,3,5,595.32,16,2,0,0,0,2026-03-31
101812,4,6,796.75,10,1,0,1,1,2026-04-30
101812,5,8,285.98,11,2,0,1,0,2026-05-31
101812,6,7,392.7,11,0,0,1,0,2026-06-30
101813,1,4,454.41,13,2,0,1,1,2026-01-31
101813,2,5,566.45,14,0,0,1,0,2026-02-28
101813,3,4,578.23,12,1,0,0,0,2026-03-31
101813,4,3,164.1,22,1,0,1,0,2026-04-30
101813,5,5,129.12,8,0,0,1,0,2026-05-31
101813,6,3,353.68,9,1,1,1,0,2026-06-30
101814,1,4,470.16,17,0,1,1,0,2026-01-31
101814,2,11,612.5,10,0,0,0,0,2026-02-28
101814,3,7,661.84,11,1,1,1,0,2026-03-31
101814,4,11,1091.2,5,0,1,1,0,2026-04-30
101814,5,5,674.75,8,0,1,0,1,2026-05-31
101814,6,5,628.38,13,0,0,1,0,2026-06-30
101815,1,22,1283.47,10,1,1,1,0,2026-01-31
101815,2,18,2458.21,7,0,0,1,0,2026-02-28
101815,3,25,2850.47,9,1,0,0,1,2026-03-31
101815,4,21,1382.13,9,2,0,1,0,2026-04-30
101815,5,12,391.53,11,0,0,1,0,2026-05-31
101815,6,14,819.58,19,1,0,1,0,2026-06-30
101816,1,6,458.76,19,1,1,0,1,2026-01-31
101816,2,11,1578.83,8,2,0,1,0,2026-02-28
101816,3,10,369.35,11,2,1,0,0,2026-03-31
101816,4,5,475.72,3,2,0,0,1,2026-04-30
101816,5,10,619.15,10,0,0,0,0,2026-05-31
101816,6,5,494.68,10,3,1,1,0,2026-06-30
101817,1,9,1135.5,12,0,0,1,0,2026-01-31
101817,2,10,790.62,13,0,0,0,1,2026-02-28
101817,3,19,1730.96,11,0,1,1,1,2026-03-31
101817,4,11,397.01,15,0,0,1,0,2026-04-30
101817,5,11,804.97,21,0,0,0,0,2026-05-31
101817,6,15,1377.49,12,1,0,0,1,2026-06-30
101818,1,19,2624.02,13,2,0,1,0,2026-01-31
101818,2,17,1628.71,24,0,0,1,0,2026-02-28
101818,3,20,622.01,5,0,1,1,0,2026-03-31
101818,4,17,2253.13,11,1,0,1,0,2026-04-30
101818,5,18,1186.59,9,3,0,0,0,2026-05-31
101818,6,24,3433.6,14,0,0,0,1,2026-06-30
101819,1,10,335.11,10,2,1,0,1,2026-01-31
101819,2,10,1161.76,15,0,0,1,1,2026-02-28
101819,3,11,1419.7,17,1,0,0,0,2026-03-31
101819,4,10,1276.38,12,1,1,1,0,2026-04-30
101819,5,8,430.38,4,2,1,1,1,2026-05-31
101819,6,9,1037.55,1,0,0,0,0,2026-06-30
101820,1,15,1596.58,9,0,0,1,0,2026-01-31
101820,2,18,2465.69,8,0,0,0,0,2026-02-28
101820,3,20,1907.02,11,0,1,0,0,2026-03-31
101820,4,21,542.16,15,0,1,0,1,2026-04-30
101820,5,16,1371.25,12,0,1,0,0,2026-05-31
101820,6,20,738.42,11,1,0,1,1,2026-06-30
101821,1,15,512.21,22,0,0,1,0,2026-01-31
101821,2,9,184.02,9,1,1,1,0,2026-02-28
101821,3,11,1330.06,14,0,1,1,0,2026-03-31
101821,4,10,1134.53,16,0,1,1,0,2026-04-30
101821,5,15,312.37,8,0,0,1,0,2026-05-31
101821,6,13,1462.47,11,1,0,0,0,2026-06-30
101822,1,37,2383.4,10,1,1,0,0,2026-01-31
101822,2,31,1363.01,9,0,0,0,0,2026-02-28
101822,3,25,3359.21,14,0,1,1,0,2026-03-31
101822,4,35,2544.47,18,0,1,0,0,2026-04-30
101822,5,28,2116.75,13,1,0,1,0,2026-05-31
101822,6,37,3873.94,6,1,1,0,0,2026-06-30
101823,1,6,505.92,13,0,0,0,1,2026-01-31
101823,2,10,1404.3,17,0,1,0,0,2026-02-28
101823,3,11,1275.76,15,0,0,0,1,2026-03-31
101823,4,11,1214.9,16,0,1,1,0,2026-04-30
101823,5,12,1630.86,11,0,1,1,1,2026-05-31
101823,6,7,916.24,15,0,0,1,0,2026-06-30
101824,1,15,2148.81,14,1,1,1,0,2026-01-31
101824,2,11,238.61,11,0,1,0,0,2026-02-28
101824,3,21,2397.14,12,2,1,1,0,2026-03-31
101824,4,22,2059.04,24,0,1,1,0,2026-04-30
101824,5,23,2998.68,10,0,1,1,0,2026-05-31
101824,6,24,2093.99,14,0,0,1,0,2026-06-30
101825,1,7,580.11,9,1,0,1,0,2026-01-31
101825,2,8,888.1,11,1,0,1,1,2026-02-28
101825,3,11,1137.75,12,0,0,1,0,2026-03-31
101825,4,15,724.82,11,0,1,0,0,2026-04-30
101825,5,11,479.36,10,0,0,0,0,2026-05-31
101825,6,8,173.14,22,0,1,1,0,2026-06-30
101826,1,6,136.37,12,0,1,1,0,2026-01-31
101826,2,12,405.16,17,1,0,1,0,2026-02-28
101826,3,11,1234.35,16,1,1,0,0,2026-03-31
101826,4,12,1290.71,9,0,1,1,0,2026-04-30
101826,5,6,154.65,15,0,1,1,1,2026-05-31
101826,6,13,1574.27,10,1,0,1,1,2026-06-30
101827,1,11,360.19,15,0,1,1,0,2026-01-31
101827,2,21,894.79,9,0,0,1,0,2026-02-28
101827,3,16,693.46,6,1,1,1,0,2026-03-31
101827,4,15,1230.16,18,0,0,0,0,2026-04-30
101827,5,21,492.6,7,0,0,1,0,2026-05-31
101827,6,21,2412.66,23,0,0,1,0,2026-06-30
101828,1,3,386.68,14,0,1,1,0,2026-01-31
101828,2,5,504.33,10,0,1,0,0,2026-02-28
101828,3,6,649.62,8,0,1,0,1,2026-03-31
101828,4,6,880.46,15,1,1,1,0,2026-04-30
101828,5,3,145.45,12,0,1,0,1,2026-05-31
101828,6,6,760.93,17,0,0,1,1,2026-06-30
101829,1,6,646.9,14,0,1,1,1,2026-01-31
101829,2,12,1275.04,8,0,0,1,0,2026-02-28
101829,3,8,454.17,12,0,0,1,1,2026-03-31
101829,4,6,543.63,13,0,0,0,0,2026-04-30
101829,5,8,832.19,19,2,0,0,0,2026-05-31
101829,6,12,1054.7,10,0,0,1,1,2026-06-30
101830,1,23,3290.59,9,0,0,0,0,2026-01-31
101830,2,21,1902.08,13,0,0,1,0,2026-02-28
101830,3,23,587.12,8,1,0,1,0,2026-03-31
101830,4,18,2403.96,7,0,1,1,0,2026-04-30
101830,5,23,3259.27,12,0,0,1,0,2026-05-31
101830,6,22,2806.67,16,2,1,1,1,2026-06-30
101831,1,12,1657.12,11,0,0,1,0,2026-01-31
101831,2,21,1924.79,12,0,0,1,1,2026-02-28
101831,3,12,866.63,8,0,0,1,0,2026-03-31
101831,4,25,1355.47,13,1,0,1,1,2026-04-30
101831,5,11,1524.41,14,0,0,1,1,2026-05-31
101831,6,11,1642.98,8,0,0,1,0,2026-06-30
101832,1,24,2892.78,14,0,0,0,0,2026-01-31
101832,2,17,1250.4,7,0,1,1,1,2026-02-28
101832,3,15,1883.66,7,0,0,1,0,2026-03-31
101832,4,24,1242.21,13,0,0,0,0,2026-04-30
101832,5,28,3552.94,10,1,1,1,0,2026-05-31
101832,6,24,1296.95,4,0,0,1,0,2026-06-30
101833,1,25,3341.93,14,0,0,0,0,2026-01-31
101833,2,19,2678.63,7,0,0,1,0,2026-02-28
101833,3,16,409.92,16,1,0,0,1,2026-03-31
101833,4,21,1827.75,9,0,1,0,1,2026-04-30
101833,5,25,739.67,20,0,1,1,1,2026-05-31
101833,6,22,497.09,9,0,0,1,1,2026-06-30
101834,1,28,700.87,6,1,1,0,0,2026-01-31
101834,2,18,1809.87,7,0,1,0,0,2026-02-28
101834,3,18,2524.59,13,0,1,0,0,2026-03-31
101834,4,15,1755.85,9,0,1,0,0,2026-04-30
101834,5,31,4039.2,13,1,0,1,0,2026-05-31
101834,6,32,1062.06,11,0,1,1,0,2026-06-30
101835,1,17,1657.61,19,1,0,1,0,2026-01-31
101835,2,19,1804.67,9,2,1,0,0,2026-02-28
101835,3,22,766.58,17,0,0,0,0,2026-03-31
101835,4,10,745.65,13,0,0,1,0,2026-04-30
101835,5,23,2915.85,6,0,1,0,0,2026-05-31
101835,6,12,730.82,11,0,0,1,0,2026-06-30
101836,1,7,946.25,11,0,1,1,0,2026-01-31
101836,2,5,225.93,16,0,0,1,0,2026-02-28
101836,3,2,210.62,19,0,1,1,0,2026-03-31
101836,4,5,174.38,12,0,1,1,0,2026-04-30
101836,5,6,731.62,11,0,1,1,0,2026-05-31
101836,6,4,255.49,15,0,0,1,0,2026-06-30
101837,1,7,996.27,10,0,0,1,0,2026-01-31
101837,2,12,922.32,10,1,0,0,0,2026-02-28
101837,3,8,223.88,9,0,1,1,0,2026-03-31
101837,4,12,720.97,8,1,1,1,0,2026-04-30
101837,5,11,1338.5,16,0,0,0,0,2026-05-31
101837,6,10,1360.07,16,0,0,1,0,2026-06-30
101838,1,22,1459.84,8,0,0,1,0,2026-01-31
101838,2,13,537.0,21,0,1,1,0,2026-02-28
101838,3,21,1268.06,16,1,1,1,0,2026-03-31
101838,4,14,450.25,14,0,1,1,0,2026-04-30
101838,5,10,1230.51,21,0,1,0,0,2026-05-31
101838,6,21,1274.24,16,1,0,0,0,2026-06-30
101839,1,17,1091.13,11,0,1,0,0,2026-01-31
101839,2,14,1325.95,7,1,1,1,0,2026-02-28
101839,3,15,2153.73,9,0,1,1,0,2026-03-31
101839,4,14,367.76,27,0,1,1,0,2026-04-30
101839,5,17,1131.5,18,0,1,0,1,2026-05-31
101839,6,9,1323.17,15,0,1,0,0,2026-06-30
101840,1,14,649.35,9,0,1,0,0,2026-01-31
101840,2,15,2186.95,15,1,0,0,0,2026-02-28
101840,3,14,1776.61,8,0,0,1,0,2026-03-31
101840,4,11,1569.3,7,0,1,1,1,2026-04-30
101840,5,8,1057.59,9,1,1,1,0,2026-05-31
101840,6,16,2249.35,16,0,0,1,0,2026-06-30
101841,1,15,1537.11,7,1,0,1,1,2026-01-31
101841,2,12,286.8,14,1,0,0,0,2026-02-28
101841,3,7,630.57,13,0,0,1,0,2026-03-31
101841,4,10,482.56,9,0,1,0,0,2026-04-30
101841,5,7,739.07,24,0,0,0,0,2026-05-31
101841,6,11,1039.51,13,1,0,1,0,2026-06-30
101842,1,14,2096.65,14,2,0,1,0,2026-01-31
101842,2,11,1395.24,10,0,0,1,0,2026-02-28
101842,3,24,2623.64,5,0,1,1,0,2026-03-31
101842,4,12,1618.43,13,0,0,1,0,2026-04-30
101842,5,21,978.5,9,0,1,1,0,2026-05-31
101842,6,24,3385.26,12,1,0,1,0,2026-06-30
101843,1,4,127.09,13,0,0,1,1,2026-01-31
101843,2,3,242.14,16,0,1,0,1,2026-02-28
101843,3,6,761.9,20,0,1,1,1,2026-03-31
101843,4,3,429.78,8,1,0,1,0,2026-04-30
101843,5,6,278.51,12,0,1,1,0,2026-05-31
101843,6,6,255.18,9,1,0,1,0,2026-06-30
101844,1,15,829.04,15,0,0,0,0,2026-01-31
101844,2,9,824.04,4,0,1,0,1,2026-02-28
101844,3,12,266.41,14,0,0,1,0,2026-03-31
101844,4,12,965.88,5,0,0,1,0,2026-04-30
101844,5,9,1296.32,16,0,1,1,1,2026-05-31
101844,6,15,1161.28,15,1,1,1,1,2026-06-30
101845,1,8,848.17,6,0,0,1,0,2026-01-31
101845,2,8,423.03,9,0,0,1,0,2026-02-28
101845,3,9,785.67,9,0,0,0,0,2026-03-31
101845,4,8,734.26,15,0,0,1,0,2026-04-30
101845,5,11,351.55,10,1,0,1,1,2026-05-31
101845,6,9,987.88,9,0,1,1,1,2026-06-30
101846,1,2,103.92,10,0,1,1,0,2026-01-31
101846,2,4,222.44,21,0,0,1,0,2026-02-28
101846,3,3,299.83,11,0,1,1,1,2026-03-31
101846,4,3,432.58,8,0,1,1,0,2026-04-30
101846,5,2,125.05,18,0,1,1,0,2026-05-31
101846,6,2,191.37,9,1,1,1,1,2026-06-30
101847,1,27,3244.49,13,0,0,1,0,2026-01-31
101847,2,17,1008.02,7,1,0,0,0,2026-02-28
101847,3,21,2970.2,11,0,1,1,0,2026-03-31
101847,4,26,2543.44,6,0,0,0,1,2026-04-30
101847,5,23,1591.46,5,1,0,1,1,2026-05-31
101847,6,27,3189.01,5,0,0,1,0,2026-06-30
101848,1,17,1165.71,8,0,0,0,0,2026-01-31
101848,2,23,3215.77,8,0,0,0,0,2026-02-28
101848,3,16,1931.42,10,0,0,0,0,2026-03-31
101848,4,11,731.6,14,0,1,0,1,2026-04-30
101848,5,17,992.35,17,0,0,1,0,2026-05-31
101848,6,10,901.87,7,0,1,1,1,2026-06-30
101849,1,27,1245.19,14,1,0,1,1,2026-01-31
101849,2,31,3458.54,9,0,1,0,0,2026-02-28
101849,3,14,1230.78,8,1,1,0,0,2026-03-31
101849,4,13,1027.64,10,0,1,1,0,2026-04-30
101849,5,14,1504.48,16,0,1,1,0,2026-05-31
101849,6,12,705.13,15,0,0,0,1,2026-06-30
101850,1,9,1318.35,11,1,1,0,0,2026-01-31
101850,2,5,572.28,11,0,1,1,0,2026-02-28
101850,3,12,1302.06,13,1,0,1,1,2026-03-31
101850,4,10,1360.25,11,0,1,1,0,2026-04-30
101850,5,8,361.87,15,1,1,1,0,2026-05-31
101850,6,6,286.21,7,0,1,1,0,2026-06-30
101851,1,7,995.3,15,0,0,1,1,2026-01-31
101851,2,14,2099.19,8,0,0,1,0,2026-02-28
101851,3,6,205.52,6,0,0,0,0,2026-03-31
101851,4,8,666.87,8,0,1,1,1,2026-04-30
101851,5,14,355.52,6,0,0,0,0,2026-05-31
101851,6,13,1656.68,11,0,0,1,0,2026-06-30
101852,1,9,1080.5,5,0,0,1,0,2026-01-31
101852,2,8,806.18,11,0,0,1,0,2026-02-28
101852,3,7,1021.76,21,0,0,0,0,2026-03-31
101852,4,17,672.53,10,1,0,1,0,2026-04-30
101852,5,12,1379.93,13,1,1,1,0,2026-05-31
101852,6,17,513.86,18,0,0,0,0,2026-06-30
101853,1,18,2526.13,11,1,0,1,0,2026-01-31
101853,2,9,400.24,20,0,1,1,0,2026-02-28
101853,3,7,953.37,11,0,0,1,0,2026-03-31
101853,4,10,897.96,19,0,1,0,0,2026-04-30
101853,5,11,692.63,14,0,1,1,0,2026-05-31
101853,6,14,468.01,17,0,1,1,0,2026-06-30
101854,1,11,628.89,9,0,1,1,0,2026-01-31
101854,2,12,892.46,16,0,0,0,0,2026-02-28
101854,3,14,709.47,16,1,0,1,0,2026-03-31
101854,4,9,617.4,11,1,0,1,1,2026-04-30
101854,5,7,799.73,4,0,1,1,1,2026-05-31
101854,6,9,356.11,17,0,0,0,0,2026-06-30
101855,1,5,205.27,15,1,0,0,1,2026-01-31
101855,2,10,1094.74,15,0,1,1,0,2026-02-28
101855,3,7,744.25,15,0,1,0,1,2026-03-31
101855,4,6,786.97,12,3,0,1,0,2026-04-30
101855,5,8,852.25,16,0,0,0,1,2026-05-31
101855,6,4,198.42,8,1,0,1,0,2026-06-30
101856,1,15,2189.56,11,0,1,1,0,2026-01-31
101856,2,18,1663.25,15,1,0,0,0,2026-02-28
101856,3,23,2227.37,10,1,0,1,0,2026-03-31
101856,4,19,2611.37,20,0,0,0,0,2026-04-30
101856,5,12,1511.12,8,0,1,1,0,2026-05-31
101856,6,22,738.8,12,0,1,1,0,2026-06-30
101857,1,13,319.8,18,0,1,1,0,2026-01-31
101857,2,10,813.27,12,1,0,1,0,2026-02-28
101857,3,13,1637.36,23,0,1,1,0,2026-03-31
101857,4,11,482.3,9,1,0,1,1,2026-04-30
101857,5,7,307.14,8,0,0,1,0,2026-05-31
101857,6,15,1047.88,22,0,1,1,0,2026-06-30
101858,1,16,2335.48,12,0,0,0,1,2026-01-31
101858,2,19,1618.65,9,1,0,1,0,2026-02-28
101858,3,12,1418.01,6,2,0,0,0,2026-03-31
101858,4,23,2455.17,6,1,1,1,1,2026-04-30
101858,5,18,1076.3,9,0,0,0,0,2026-05-31
101858,6,12,1759.96,4,0,1,1,0,2026-06-30
101859,1,21,1305.99,20,1,0,1,0,2026-01-31
101859,2,22,3293.09,19,0,1,1,0,2026-02-28
101859,3,20,1708.02,12,0,0,1,0,2026-03-31
101859,4,25,2261.46,15,0,1,1,0,2026-04-30
101859,5,24,997.22,19,1,0,1,1,2026-05-31
101859,6,20,2281.29,13,1,0,0,0,2026-06-30
101860,1,2,247.35,27,0,1,1,1,2026-01-31
101860,2,5,725.68,8,0,1,1,0,2026-02-28
101860,3,3,66.11,7,0,1,1,0,2026-03-31
101860,4,5,131.04,11,0,1,0,0,2026-04-30
101860,5,5,444.97,9,0,1,0,0,2026-05-31
101860,6,3,329.02,13,0,0,1,1,2026-06-30
101861,1,11,663.22,16,0,0,1,0,2026-01-31
101861,2,22,2579.15,11,0,1,0,0,2026-02-28
101861,3,8,680.6,4,0,0,0,0,2026-03-31
101861,4,21,2704.8,17,0,0,1,0,2026-04-30
101861,5,17,821.37,9,1,0,0,0,2026-05-31
101861,6,21,2994.55,17,0,0,0,0,2026-06-30
101862,1,13,1883.26,5,0,0,0,0,2026-01-31
101862,2,17,546.27,10,1,1,1,0,2026-02-28
101862,3,9,955.7,16,0,0,1,1,2026-03-31
101862,4,16,2141.72,6,0,0,1,0,2026-04-30
101862,5,10,1042.2,11,0,0,1,0,2026-05-31
101862,6,11,1432.39,8,0,1,1,1,2026-06-30
101863,1,14,978.99,11,0,1,1,0,2026-01-31
101863,2,12,781.81,12,0,0,1,0,2026-02-28
101863,3,10,1237.65,14,0,0,1,1,2026-03-31
101863,4,6,759.08,15,1,1,0,1,2026-04-30
101863,5,6,126.39,17,0,1,1,0,2026-05-31
101863,6,12,1798.52,19,2,1,1,0,2026-06-30
101864,1,11,617.8,15,0,1,0,0,2026-01-31
101864,2,9,503.82,21,0,1,0,0,2026-02-28
101864,3,16,1927.02,10,0,0,1,0,2026-03-31
101864,4,15,1459.91,19,0,1,1,0,2026-04-30
101864,5,18,1275.64,11,0,0,1,1,2026-05-31
101864,6,12,1341.69,16,0,1,1,0,2026-06-30
101865,1,13,442.15,12,1,1,0,0,2026-01-31
101865,2,13,929.62,10,0,1,0,0,2026-02-28
101865,3,5,305.62,16,0,0,1,0,2026-03-31
101865,4,6,367.37,12,0,1,1,0,2026-04-30
101865,5,7,856.41,10,1,1,1,0,2026-05-31
101865,6,12,261.18,8,0,1,0,0,2026-06-30
101866,1,27,1671.88,9,0,0,0,0,2026-01-31
101866,2,30,1347.27,14,0,0,1,0,2026-02-28
101866,3,17,927.7,10,1,1,0,0,2026-03-31
101866,4,31,4230.55,7,0,0,1,0,2026-04-30
101866,5,28,2804.25,16,1,0,0,0,2026-05-31
101866,6,31,1283.3,10,1,1,1,0,2026-06-30
101867,1,23,733.31,3,0,0,1,0,2026-01-31
101867,2,13,679.78,8,1,0,1,0,2026-02-28
101867,3,23,2807.12,18,0,1,1,0,2026-03-31
101867,4,11,1281.05,15,0,0,1,0,2026-04-30
101867,5,22,2397.47,10,0,0,1,0,2026-05-31
101867,6,25,933.77,17,0,0,0,0,2026-06-30
101868,1,2,198.58,14,0,0,1,0,2026-01-31
101868,2,7,243.37,11,0,1,1,0,2026-02-28
101868,3,4,391.95,17,0,1,1,1,2026-03-31
101868,4,5,632.0,12,2,1,0,0,2026-04-30
101868,5,3,438.85,18,0,0,1,0,2026-05-31
101868,6,4,256.27,8,2,0,0,0,2026-06-30
101869,1,8,431.76,8,0,1,0,0,2026-01-31
101869,2,5,740.21,9,0,0,1,1,2026-02-28
101869,3,13,1381.79,9,3,0,1,0,2026-03-31
101869,4,8,383.91,15,1,1,1,0,2026-04-30
101869,5,8,613.62,11,0,0,1,0,2026-05-31
101869,6,10,1139.7,8,0,0,0,0,2026-06-30
101870,1,11,1281.42,19,1,0,1,0,2026-01-31
101870,2,13,328.45,10,0,0,1,0,2026-02-28
101870,3,19,2839.65,13,0,1,0,0,2026-03-31
101870,4,10,1134.41,11,1,1,1,0,2026-04-30
101870,5,11,667.58,13,1,0,1,0,2026-05-31
101870,6,17,1654.13,2,0,0,1,0,2026-06-30
101871,1,24,1207.11,11,0,0,1,0,2026-01-31
101871,2,24,2997.02,12,0,0,1,0,2026-02-28
101871,3,12,1522.69,19,0,0,1,0,2026-03-31
101871,4,17,2348.67,17,1,0,1,0,2026-04-30
101871,5,15,786.96,19,1,1,1,0,2026-05-31
101871,6,23,3332.15,11,0,1,1,0,2026-06-30
101872,1,24,2376.88,19,2,1,1,0,2026-01-31
101872,2,14,1526.1,14,1,1,0,0,2026-02-28
101872,3,18,1818.45,14,1,0,1,0,2026-03-31
101872,4,23,2877.89,16,0,0,1,0,2026-04-30
101872,5,28,4134.13,8,0,0,1,0,2026-05-31
101872,6,25,1090.29,17,0,0,0,0,2026-06-30
101873,1,18,731.98,10,0,0,1,1,2026-01-31
101873,2,18,945.84,11,1,0,0,0,2026-02-28
101873,3,24,2657.1,11,0,0,0,0,2026-03-31
101873,4,18,609.21,5,0,0,1,0,2026-04-30
101873,5,29,1146.36,16,1,0,1,1,2026-05-31
101873,6,28,939.79,18,0,1,1,0,2026-06-30
101874,1,10,1235.66,16,2,0,1,0,2026-01-31
101874,2,5,214.99,6,2,1,0,0,2026-02-28
101874,3,6,868.67,9,0,0,0,0,2026-03-31
101874,4,5,215.57,13,1,1,0,0,2026-04-30
101874,5,9,392.57,10,0,0,0,0,2026-05-31
101874,6,5,130.61,14,1,1,1,0,2026-06-30
101875,1,6,658.76,10,1,1,0,0,2026-01-31
101875,2,7,704.91,6,0,1,0,0,2026-02-28
101875,3,11,911.31,14,0,0,0,0,2026-03-31
101875,4,8,730.52,3,1,0,1,0,2026-04-30
101875,5,10,795.92,7,0,0,0,0,2026-05-31
101875,6,9,991.5,13,0,0,1,0,2026-06-30
101876,1,8,373.8,11,0,1,0,0,2026-01-31
101876,2,9,1301.37,9,0,1,1,0,2026-02-28
101876,3,6,366.73,22,0,1,1,0,2026-03-31
101876,4,7,802.17,21,1,0,0,1,2026-04-30
101876,5,5,640.22,8,0,0,1,0,2026-05-31
101876,6,9,518.74,12,0,0,1,0,2026-06-30
101877,1,22,698.24,13,0,0,1,0,2026-01-31
101877,2,25,1056.7,21,0,0,1,0,2026-02-28
101877,3,10,1440.63,16,1,1,0,0,2026-03-31
101877,4,17,2113.34,8,1,1,1,1,2026-04-30
101877,5,20,1025.81,3,0,0,0,0,2026-05-31
101877,6,26,1820.9,5,1,0,1,1,2026-06-30
101878,1,4,246.18,15,0,1,1,0,2026-01-31
101878,2,8,277.06,18,0,0,0,0,2026-02-28
101878,3,6,195.88,11,0,1,1,0,2026-03-31
101878,4,8,1176.27,12,1,0,1,0,2026-04-30
101878,5,8,875.4,12,0,1,1,0,2026-05-31
101878,6,7,715.67,15,0,0,1,1,2026-06-30
101879,1,11,1572.64,18,0,0,1,0,2026-01-31
101879,2,8,308.14,15,0,0,0,0,2026-02-28
101879,3,5,740.97,9,0,0,1,0,2026-03-31
101879,4,11,1291.35,14,1,0,0,0,2026-04-30
101879,5,4,448.88,29,0,0,1,0,2026-05-31
101879,6,10,1391.19,7,0,0,1,0,2026-06-30
101880,1,6,225.81,15,2,0,1,0,2026-01-31
101880,2,7,526.63,17,2,0,1,0,2026-02-28
101880,3,11,325.56,11,0,0,1,0,2026-03-31
101880,4,12,1467.09,13,0,0,0,0,2026-04-30
101880,5,12,418.93,4,1,1,1,0,2026-05-31
101880,6,6,543.72,8,1,1,1,0,2026-06-30
101881,1,27,3041.48,12,0,1,1,0,2026-01-31
101881,2,16,1109.46,5,1,0,1,0,2026-02-28
101881,3,20,1539.17,13,0,0,0,0,2026-03-31
101881,4,14,972.27,8,0,1,1,0,2026-04-30
101881,5,29,3761.52,19,0,0,0,0,2026-05-31
101881,6,29,2398.12,17,0,1,0,0,2026-06-30
101882,1,26,1621.51,10,0,1,1,0,2026-01-31
101882,2,23,2496.68,7,0,0,1,0,2026-02-28
101882,3,26,1648.38,18,0,0,1,0,2026-03-31
101882,4,23,3437.71,17,1,1,1,1,2026-04-30
101882,5,13,1288.26,11,0,1,1,0,2026-05-31
101882,6,17,1733.25,9,1,0,1,1,2026-06-30
101883,1,8,903.46,16,1,0,1,0,2026-01-31
101883,2,10,1307.95,13,1,1,1,0,2026-02-28
101883,3,19,1029.52,14,0,0,1,0,2026-03-31
101883,4,10,720.14,20,1,0,0,0,2026-04-30
101883,5,8,567.53,10,0,0,1,0,2026-05-31
101883,6,11,783.26,16,1,1,1,1,2026-06-30
101884,1,10,933.02,10,0,0,0,1,2026-01-31
101884,2,9,362.85,3,1,0,1,1,2026-02-28
101884,3,6,743.82,11,0,0,0,0,2026-03-31
101884,4,8,667.19,17,2,0,1,0,2026-04-30
101884,5,11,650.21,9,1,1,0,0,2026-05-31
101884,6,7,329.44,10,1,1,1,0,2026-06-30
101885,1,16,1394.27,12,1,1,1,1,2026-01-31
101885,2,8,556.2,14,1,0,1,0,2026-02-28
101885,3,7,382.8,5,0,0,1,0,2026-03-31
101885,4,9,217.68,13,1,1,1,0,2026-04-30
101885,5,16,406.37,7,1,1,1,1,2026-05-31
101885,6,14,1606.87,17,0,0,0,0,2026-06-30
101886,1,6,768.89,11,0,1,0,1,2026-01-31
101886,2,9,1260.7,13,2,0,1,0,2026-02-28
101886,3,6,390.41,12,0,0,1,0,2026-03-31
101886,4,7,507.33,11,1,0,0,0,2026-04-30
101886,5,8,504.57,18,1,1,0,0,2026-05-31
101886,6,5,495.27,9,0,0,1,0,2026-06-30
101887,1,22,2305.34,8,0,1,1,0,2026-01-31
101887,2,24,938.85,17,0,1,0,0,2026-02-28
101887,3,24,2930.55,11,1,0,0,0,2026-03-31
101887,4,15,608.7,13,0,1,1,0,2026-04-30
101887,5,13,660.97,8,1,0,1,0,2026-05-31
101887,6,24,2892.02,11,0,1,1,0,2026-06-30
101888,1,23,2605.81,18,1,0,0,0,2026-01-31
101888,2,14,1491.34,8,1,0,1,0,2026-02-28
101888,3,15,1959.76,14,0,0,0,0,2026-03-31
101888,4,15,1916.32,5,2,1,0,0,2026-04-30
101888,5,27,738.13,8,1,0,1,0,2026-05-31
101888,6,26,1531.77,11,0,0,1,0,2026-06-30
101889,1,15,1633.12,15,0,1,1,0,2026-01-31
101889,2,13,1513.0,10,0,0,1,0,2026-02-28
101889,3,11,1171.67,9,2,1,1,0,2026-03-31
101889,4,12,880.42,12,0,1,1,0,2026-04-30
101889,5,15,1939.82,6,0,0,0,0,2026-05-31
101889,6,6,289.33,6,0,0,1,1,2026-06-30
101890,1,7,384.93,8,0,0,0,0,2026-01-31
101890,2,8,355.52,8,0,0,1,0,2026-02-28
101890,3,6,470.19,13,0,0,1,0,2026-03-31
101890,4,6,705.77,14,0,1,1,0,2026-04-30
101890,5,9,668.33,9,1,0,1,0,2026-05-31
101890,6,7,993.94,10,1,1,0,0,2026-06-30
101891,1,20,2477.2,17,0,1,1,1,2026-01-31
101891,2,23,1402.35,9,0,1,1,0,2026-02-28
101891,3,23,2611.58,18,0,1,0,0,2026-03-31
101891,4,16,1996.63,11,0,0,1,0,2026-04-30
101891,5,16,1683.14,18,0,0,1,0,2026-05-31
101891,6,28,3974.82,6,2,0,1,1,2026-06-30
101892,1,17,1807.24,10,1,1,0,1,2026-01-31
101892,2,8,168.72,19,0,1,1,0,2026-02-28
101892,3,12,1010.52,10,0,0,1,1,2026-03-31
101892,4,16,1391.19,11,1,1,0,0,2026-04-30
101892,5,9,630.18,9,0,0,1,0,2026-05-31
101892,6,11,1111.44,13,0,1,1,1,2026-06-30
101893,1,7,429.2,12,2,0,0,0,2026-01-31
101893,2,8,558.59,6,1,1,0,0,2026-02-28
101893,3,4,493.64,13,0,1,1,0,2026-03-31
101893,4,8,710.46,11,0,0,0,0,2026-04-30
101893,5,8,1055.3,14,0,0,1,0,2026-05-31
101893,6,5,484.76,23,0,0,0,0,2026-06-30
101894,1,6,309.96,7,1,0,1,0,2026-01-31
101894,2,9,1216.19,11,0,1,1,1,2026-02-28
101894,3,10,1267.27,14,2,0,1,0,2026-03-31
101894,4,10,1158.84,19,0,0,1,0,2026-04-30
101894,5,11,711.56,11,1,1,0,0,2026-05-31
101894,6,5,130.94,14,0,0,1,1,2026-06-30
101895,1,9,437.94,6,0,0,1,0,2026-01-31
101895,2,15,1293.56,19,1,1,1,0,2026-02-28
101895,3,14,1629.49,11,2,0,1,0,2026-03-31
101895,4,8,397.31,6,0,1,1,1,2026-04-30
101895,5,10,905.95,11,1,0,1,0,2026-05-31
101895,6,10,1119.1,17,1,0,0,1,2026-06-30
101896,1,27,2190.48,14,0,1,0,0,2026-01-31
101896,2,22,486.08,20,0,0,0,0,2026-02-28
101896,3,29,3135.59,16,0,1,0,0,2026-03-31
101896,4,25,2545.28,15,0,0,0,1,2026-04-30
101896,5,14,1137.49,7,0,0,1,0,2026-05-31
101896,6,27,3249.79,8,1,1,0,0,2026-06-30
101897,1,9,884.22,8,1,1,1,1,2026-01-31
101897,2,13,1855.02,9,0,1,1,1,2026-02-28
101897,3,18,1547.53,8,0,1,0,0,2026-03-31
101897,4,7,259.45,10,0,0,0,1,2026-04-30
101897,5,17,2437.51,10,1,0,0,0,2026-05-31
101897,6,16,1221.76,9,1,0,0,0,2026-06-30
101898,1,19,1966.72,13,0,1,0,0,2026-01-31
101898,2,13,1788.81,14,0,1,1,1,2026-02-28
101898,3,13,1701.13,12,0,0,1,0,2026-03-31
101898,4,21,2950.61,22,0,0,0,0,2026-04-30
101898,5,18,2097.31,9,0,1,1,0,2026-05-31
101898,6,8,579.78,15,1,0,0,0,2026-06-30
101899,1,9,718.12,17,0,0,0,1,2026-01-31
101899,2,9,943.78,13,0,1,1,0,2026-02-28
101899,3,8,535.5,9,0,0,1,0,2026-03-31
101899,4,4,296.2,12,0,1,1,0,2026-04-30
101899,5,6,765.55,25,0,0,0,0,2026-05-31
101899,6,7,865.85,13,0,0,1,1,2026-06-30
101900,1,14,792.85,9,0,0,1,0,2026-01-31
101900,2,21,1184.29,12,0,1,0,0,2026-02-28
101900,3,16,779.74,12,0,0,1,0,2026-03-31
101900,4,21,833.79,6,0,0,1,0,2026-04-30
101900,5,9,619.51,19,0,0,1,0,2026-05-31
101900,6,10,257.94,18,1,0,1,0,2026-06-30
101901,1,8,254.72,16,0,0,1,0,2026-01-31
101901,2,12,316.87,15,0,1,0,1,2026-02-28
101901,3,6,296.77,4,0,0,0,1,2026-03-31
101901,4,15,1835.7,18,1,1,1,0,2026-04-30
101901,5,7,351.21,5,1,1,0,1,2026-05-31
101901,6,10,852.72,13,1,1,1,0,2026-06-30
101902,1,14,497.84,16,0,0,1,0,2026-01-31
101902,2,24,3464.1,19,0,0,1,0,2026-02-28
101902,3,18,890.52,5,0,0,1,0,2026-03-31
101902,4,18,1697.52,11,1,0,0,0,2026-04-30
101902,5,11,540.58,6,1,0,1,0,2026-05-31
101902,6,23,2310.03,15,0,1,0,1,2026-06-30
101903,1,11,978.76,8,0,1,0,0,2026-01-31
101903,2,6,206.26,8,0,0,1,0,2026-02-28
101903,3,12,511.74,9,0,0,0,1,2026-03-31
101903,4,8,1184.65,5,0,1,0,0,2026-04-30
101903,5,9,295.04,19,1,0,1,0,2026-05-31
101903,6,7,145.42,16,0,1,1,0,2026-06-30
101904,1,11,288.33,4,0,1,0,0,2026-01-31
101904,2,14,1847.95,15,2,0,1,0,2026-02-28
101904,3,8,605.31,12,0,0,1,1,2026-03-31
101904,4,15,816.3,11,0,0,1,0,2026-04-30
101904,5,8,662.95,16,0,1,1,0,2026-05-31
101904,6,11,494.84,14,3,0,1,0,2026-06-30
101905,1,8,825.55,17,0,1,1,1,2026-01-31
101905,2,11,955.82,16,0,0,0,1,2026-02-28
101905,3,13,962.44,14,0,0,0,0,2026-03-31
101905,4,19,2128.69,2,0,0,0,0,2026-04-30
101905,5,10,825.25,8,0,0,1,0,2026-05-31
101905,6,16,941.64,5,0,1,0,0,2026-06-30
101906,1,21,2403.76,8,0,1,1,0,2026-01-31
101906,2,14,742.95,9,0,0,1,0,2026-02-28
101906,3,13,1582.29,10,1,0,1,0,2026-03-31
101906,4,21,2382.52,15,1,1,1,0,2026-04-30
101906,5,11,933.55,10,0,1,1,0,2026-05-31
101906,6,22,533.6,14,1,0,0,0,2026-06-30
101907,1,10,864.49,7,1,0,1,0,2026-01-31
101907,2,18,802.81,13,0,0,1,0,2026-02-28
101907,3,15,696.89,15,1,1,1,0,2026-03-31
101907,4,9,373.84,7,1,1,1,0,2026-04-30
101907,5,18,864.37,17,0,0,1,0,2026-05-31
101907,6,14,400.75,12,0,0,0,0,2026-06-30
101908,1,9,234.56,13,1,0,0,0,2026-01-31
101908,2,8,437.87,9,1,0,1,0,2026-02-28
101908,3,9,675.65,13,0,0,1,0,2026-03-31
101908,4,5,185.64,12,0,0,1,0,2026-04-30
101908,5,5,486.25,13,0,1,1,1,2026-05-31
101908,6,8,356.04,7,1,0,0,0,2026-06-30
101909,1,11,1460.67,11,0,1,1,1,2026-01-31
101909,2,11,957.42,8,2,1,0,0,2026-02-28
101909,3,5,612.69,11,0,1,0,0,2026-03-31
101909,4,12,917.03,11,0,0,0,0,2026-04-30
101909,5,9,1197.39,13,0,0,0,0,2026-05-31
101909,6,10,1043.6,10,1,0,1,0,2026-06-30
101910,1,6,571.6,13,0,0,0,1,2026-01-31
101910,2,14,1417.61,14,0,1,1,0,2026-02-28
101910,3,15,1309.56,10,0,1,1,0,2026-03-31
101910,4,9,798.08,11,0,0,0,0,2026-04-30
101910,5,7,890.4,6,0,1,1,0,2026-05-31
101910,6,8,285.26,10,0,1,1,0,2026-06-30
101911,1,24,1884.3,10,0,0,1,0,2026-01-31
101911,2,14,2017.21,11,0,1,0,0,2026-02-28
101911,3,20,1333.51,9,0,1,0,0,2026-03-31
101911,4,25,790.78,13,0,0,1,1,2026-04-30
101911,5,29,2017.36,6,0,1,1,0,2026-05-31
101911,6,30,1870.73,13,0,1,1,0,2026-06-30
101912,1,6,340.42,12,0,0,0,0,2026-01-31
101912,2,5,206.5,18,0,1,1,1,2026-02-28
101912,3,6,718.9,10,0,0,0,0,2026-03-31
101912,4,6,697.62,9,1,1,0,1,2026-04-30
101912,5,5,226.48,9,0,0,1,0,2026-05-31
101912,6,6,329.28,13,0,0,1,0,2026-06-30
101913,1,13,466.35,18,0,0,1,0,2026-01-31
101913,2,13,718.7,12,0,1,0,0,2026-02-28
101913,3,7,558.7,6,0,0,0,0,2026-03-31
101913,4,7,807.19,17,1,0,1,1,2026-04-30
101913,5,14,1196.36,20,0,0,0,0,2026-05-31
101913,6,7,430.45,23,1,1,0,0,2026-06-30
101914,1,9,1344.67,23,0,1,1,1,2026-01-31
101914,2,7,776.42,12,0,0,0,0,2026-02-28
101914,3,7,416.57,11,1,0,1,0,2026-03-31
101914,4,5,528.07,15,0,0,1,0,2026-04-30
101914,5,10,523.18,14,0,1,1,0,2026-05-31
101914,6,8,846.09,19,2,0,0,0,2026-06-30
101915,1,9,1183.32,9,0,0,0,0,2026-01-31
101915,2,15,877.72,6,1,0,1,1,2026-02-28
101915,3,17,2047.15,14,0,1,1,0,2026-03-31
101915,4,15,1331.97,8,0,0,0,0,2026-04-30
101915,5,12,866.93,10,0,0,1,1,2026-05-31
101915,6,18,904.17,6,1,1,0,0,2026-06-30
101916,1,18,1686.58,6,1,1,1,0,2026-01-31
101916,2,27,2670.78,13,0,0,1,0,2026-02-28
101916,3,31,2433.91,15,0,1,1,0,2026-03-31
101916,4,32,1816.84,14,0,0,0,0,2026-04-30
101916,5,34,4031.85,12,1,0,1,0,2026-05-31
101916,6,20,2833.88,5,0,0,0,1,2026-06-30
101917,1,17,1867.1,9,1,0,1,0,2026-01-31
101917,2,13,603.64,17,1,1,1,0,2026-02-28
101917,3,23,489.34,14,0,1,1,0,2026-03-31
101917,4,11,852.9,13,0,1,1,0,2026-04-30
101917,5,16,1487.26,14,1,1,1,1,2026-05-31
101917,6,27,3154.88,8,1,1,1,0,2026-06-30
101918,1,19,1823.78,13,0,1,1,0,2026-01-31
101918,2,36,3025.28,17,0,1,1,0,2026-02-28
101918,3,16,1935.61,13,0,0,0,1,2026-03-31
101918,4,15,573.13,10,1,1,1,1,2026-04-30
101918,5,34,4733.13,9,0,1,0,0,2026-05-31
101918,6,29,2145.88,9,1,1,0,0,2026-06-30
101919,1,15,1519.04,3,0,1,1,0,2026-01-31
101919,2,18,874.99,10,0,0,1,1,2026-02-28
101919,3,18,622.35,19,0,0,1,0,2026-03-31
101919,4,15,1593.95,18,1,0,1,0,2026-04-30
101919,5,12,1660.69,14,2,1,1,1,2026-05-31
101919,6,17,1010.45,12,1,0,1,0,2026-06-30
101920,1,7,957.79,6,0,0,1,1,2026-01-31
101920,2,8,976.31,11,0,0,1,1,2026-02-28
101920,3,10,1435.75,7,1,0,1,0,2026-03-31
101920,4,5,693.61,16,1,1,0,0,2026-04-30
101920,5,7,698.33,9,0,1,0,0,2026-05-31
101920,6,9,639.96,11,1,1,0,0,2026-06-30
101921,1,13,1166.54,16,2,0,1,0,2026-01-31
101921,2,11,505.58,9,0,0,1,0,2026-02-28
101921,3,18,1149.14,5,0,0,1,0,2026-03-31
101921,4,26,2641.96,11,0,1,0,1,2026-04-30
101921,5,14,1860.22,7,0,0,0,0,2026-05-31
101921,6,23,3435.97,17,0,1,1,0,2026-06-30
101922,1,20,2229.23,14,0,1,1,0,2026-01-31
101922,2,18,1908.8,16,1,0,1,0,2026-02-28
101922,3,25,1466.07,14,0,1,1,0,2026-03-31
101922,4,16,778.31,8,0,1,1,0,2026-04-30
101922,5,24,2739.7,6,1,0,1,0,2026-05-31
101922,6,11,770.5,29,0,0,1,0,2026-06-30
101923,1,11,1175.92,12,0,0,0,1,2026-01-31
101923,2,7,746.33,18,1,1,1,0,2026-02-28
101923,3,10,1131.86,8,0,1,0,0,2026-03-31
101923,4,14,1882.04,10,0,0,0,0,2026-04-30
101923,5,12,970.91,8,0,1,1,1,2026-05-31
101923,6,16,622.7,17,0,1,1,0,2026-06-30
101924,1,2,204.36,6,0,0,1,1,2026-01-31
101924,2,3,427.22,13,1,1,1,0,2026-02-28
101924,3,4,582.78,13,2,1,0,0,2026-03-31
101924,4,2,234.3,8,0,0,1,0,2026-04-30
101924,5,5,194.17,11,0,0,1,0,2026-05-31
101924,6,4,111.57,22,0,0,0,0,2026-06-30
101925,1,7,560.75,6,0,0,1,0,2026-01-31
101925,2,13,509.6,21,1,0,1,1,2026-02-28
101925,3,5,451.09,16,0,0,0,0,2026-03-31
101925,4,8,223.35,12,0,0,0,0,2026-04-30
101925,5,5,632.06,15,0,0,1,1,2026-05-31
101925,6,5,631.56,13,0,0,1,0,2026-06-30
101926,1,14,1290.75,11,1,0,0,0,2026-01-31
101926,2,14,886.58,8,0,0,1,1,2026-02-28
101926,3,7,767.59,12,1,0,1,0,2026-03-31
101926,4,10,1097.14,13,1,1,0,1,2026-04-30
101926,5,7,438.88,4,0,0,1,0,2026-05-31
101926,6,11,699.44,7,0,1,1,0,2026-06-30
101927,1,25,1400.64,14,1,1,0,1,2026-01-31
101927,2,19,2158.94,11,0,0,0,0,2026-02-28
101927,3,21,2762.42,19,0,0,1,0,2026-03-31
101927,4,19,1707.16,8,3,1,1,0,2026-04-30
101927,5,14,1669.62,11,1,0,1,0,2026-05-31
101927,6,23,1512.46,9,0,1,0,0,2026-06-30
101928,1,4,538.8,16,1,1,1,0,2026-01-31
101928,2,3,288.15,13,0,0,0,1,2026-02-28
101928,3,6,216.06,17,2,1,1,1,2026-03-31
101928,4,4,273.07,7,0,0,0,0,2026-04-30
101928,5,5,584.01,15,1,0,0,1,2026-05-31
101928,6,4,498.79,3,0,0,1,0,2026-06-30
101929,1,18,634.83,13,0,0,1,1,2026-01-31
101929,2,18,2238.46,13,1,1,1,0,2026-02-28
101929,3,18,1448.6,6,1,1,1,0,2026-03-31
101929,4,21,3104.89,14,4,0,1,0,2026-04-30
101929,5,25,2926.11,8,1,1,1,0,2026-05-31
101929,6,13,492.12,4,0,0,0,0,2026-06-30
101930,1,23,2385.83,3,0,1,1,0,2026-01-31
101930,2,13,1843.95,9,0,1,1,0,2026-02-28
101930,3,32,3273.7,15,0,1,0,0,2026-03-31
101930,4,15,739.4,8,5,0,1,0,2026-04-30
101930,5,15,308.89,14,0,0,1,1,2026-05-31
101930,6,24,1121.2,11,0,0,0,1,2026-06-30
101931,1,13,272.96,12,0,1,0,0,2026-01-31
101931,2,14,605.98,15,1,0,1,1,2026-02-28
101931,3,10,403.87,9,0,0,0,0,2026-03-31
101931,4,13,461.82,13,0,0,1,0,2026-04-30
101931,5,14,444.57,13,0,1,1,0,2026-05-31
101931,6,14,584.8,10,0,0,1,0,2026-06-30
101932,1,16,463.01,11,0,0,0,0,2026-01-31
101932,2,17,514.96,11,0,1,1,0,2026-02-28
101932,3,16,1739.85,10,0,1,1,0,2026-03-31
101932,4,15,843.68,9,1,1,1,1,2026-04-30
101932,5,23,557.13,9,0,0,1,0,2026-05-31
101932,6,23,2076.91,13,0,1,0,0,2026-06-30
101933,1,17,2305.76,10,0,1,1,0,2026-01-31
101933,2,18,478.56,13,0,1,0,1,2026-02-28
101933,3,19,1756.6,8,0,0,1,0,2026-03-31
101933,4,14,897.64,7,2,1,1,0,2026-04-30
101933,5,27,1935.07,14,2,1,1,1,2026-05-31
101933,6,17,1924.56,10,0,1,1,0,2026-06-30
101934,1,15,1638.83,16,0,0,0,0,2026-01-31
101934,2,10,1385.62,10,0,0,0,0,2026-02-28
101934,3,11,1629.09,13,2,0,1,0,2026-03-31
101934,4,17,541.45,12,1,0,1,0,2026-04-30
101934,5,16,774.34,10,0,0,1,0,2026-05-31
101934,6,11,364.04,11,0,1,1,0,2026-06-30
101935,1,6,336.49,12,1,1,1,0,2026-01-31
101935,2,11,1145.15,11,1,0,1,0,2026-02-28
101935,3,6,631.16,17,1,0,0,0,2026-03-31
101935,4,9,802.52,12,0,0,1,0,2026-04-30
101935,5,10,542.99,6,0,1,0,1,2026-05-31
101935,6,6,120.08,8,0,0,1,0,2026-06-30
101936,1,7,798.76,5,1,1,0,1,2026-01-31
101936,2,5,259.97,13,1,0,1,0,2026-02-28
101936,3,4,267.66,16,0,1,1,1,2026-03-31
101936,4,5,535.52,20,1,1,1,0,2026-04-30
101936,5,8,1142.44,13,2,1,1,1,2026-05-31
101936,6,7,878.49,8,0,0,0,1,2026-06-30
101937,1,17,1318.28,9,1,0,1,0,2026-01-31
101937,2,19,843.7,8,1,0,1,0,2026-02-28
101937,3,25,2641.32,19,2,0,1,1,2026-03-31
101937,4,19,1467.89,19,2,0,0,0,2026-04-30
101937,5,16,411.3,11,1,0,0,1,2026-05-31
101937,6,23,678.35,18,0,1,1,0,2026-06-30
101938,1,7,379.87,20,0,0,1,0,2026-01-31
101938,2,7,707.63,5,2,1,0,0,2026-02-28
101938,3,10,306.43,15,0,1,1,0,2026-03-31
101938,4,9,1112.32,17,0,0,0,0,2026-04-30
101938,5,10,863.9,4,0,0,1,0,2026-05-31
101938,6,7,729.92,18,0,1,1,0,2026-06-30
101939,1,15,511.95,19,0,0,1,0,2026-01-31
101939,2,14,1500.36,18,0,0,0,0,2026-02-28
101939,3,15,795.92,10,1,0,0,0,2026-03-31
101939,4,8,355.95,9,0,0,0,0,2026-04-30
101939,5,11,527.0,6,0,0,1,0,2026-05-31
101939,6,11,445.8,17,0,0,1,0,2026-06-30
101940,1,21,2358.09,14,0,0,1,0,2026-01-31
101940,2,15,1165.45,16,0,0,0,0,2026-02-28
101940,3,16,1993.73,13,0,0,1,0,2026-03-31
101940,4,21,1311.61,8,1,1,0,1,2026-04-30
101940,5,15,1733.61,9,0,1,1,0,2026-05-31
101940,6,20,793.66,16,1,0,1,0,2026-06-30
101941,1,7,1045.29,15,1,0,1,0,2026-01-31
101941,2,15,1083.52,10,0,1,1,0,2026-02-28
101941,3,9,539.35,12,0,0,1,0,2026-03-31
101941,4,9,1265.58,19,0,0,0,0,2026-04-30
101941,5,9,774.89,17,0,0,1,0,2026-05-31
101941,6,7,342.58,6,0,1,0,0,2026-06-30
101942,1,10,844.22,12,0,0,1,0,2026-01-31
101942,2,6,745.71,8,0,0,1,0,2026-02-28
101942,3,7,359.6,11,1,0,1,0,2026-03-31
101942,4,9,816.7,8,0,0,1,0,2026-04-30
101942,5,10,560.28,12,0,1,1,1,2026-05-31
101942,6,7,970.83,12,0,1,1,0,2026-06-30
101943,1,13,1267.11,6,0,1,0,0,2026-01-31
101943,2,13,1623.61,17,0,0,0,0,2026-02-28
101943,3,14,1215.76,10,1,1,1,1,2026-03-31
101943,4,7,301.84,6,0,0,1,0,2026-04-30
101943,5,7,1010.14,16,0,1,1,0,2026-05-31
101943,6,10,934.6,16,0,0,1,0,2026-06-30
101944,1,24,3358.45,22,0,0,1,0,2026-01-31
101944,2,23,2117.47,10,0,0,0,0,2026-02-28
101944,3,23,2545.45,16,0,0,1,0,2026-03-31
101944,4,19,2016.75,8,1,0,0,1,2026-04-30
101944,5,18,1231.41,5,0,0,0,0,2026-05-31
101944,6,30,2044.95,16,1,0,1,1,2026-06-30
101945,1,14,1555.09,10,0,0,1,0,2026-01-31
101945,2,18,2536.51,13,0,0,0,0,2026-02-28
101945,3,14,290.89,13,0,1,1,0,2026-03-31
101945,4,15,1881.18,17,1,1,0,0,2026-04-30
101945,5,15,1963.68,19,1,0,0,0,2026-05-31
101945,6,16,681.85,8,1,0,1,0,2026-06-30
101946,1,10,1472.69,12,0,1,1,0,2026-01-31
101946,2,6,611.6,13,1,0,0,0,2026-02-28
101946,3,6,262.67,16,0,0,1,0,2026-03-31
101946,4,12,901.38,6,0,1,1,0,2026-04-30
101946,5,7,436.44,14,0,0,1,0,2026-05-31
101946,6,10,570.22,9,2,0,1,0,2026-06-30
101947,1,7,555.07,6,0,0,0,0,2026-01-31
101947,2,8,851.16,8,1,0,1,0,2026-02-28
101947,3,10,524.65,13,0,1,1,0,2026-03-31
101947,4,9,1123.99,13,0,1,1,0,2026-04-30
101947,5,6,398.63,9,1,1,1,0,2026-05-31
101947,6,13,1783.81,9,2,1,0,0,2026-06-30
101948,1,10,1047.22,15,0,0,0,1,2026-01-31
101948,2,21,1945.55,9,1,0,1,0,2026-02-28
101948,3,19,2208.83,18,0,1,1,0,2026-03-31
101948,4,14,331.26,22,0,1,0,0,2026-04-30
101948,5,17,871.78,17,0,0,1,0,2026-05-31
101948,6,9,1049.16,11,1,0,1,0,2026-06-30
101949,1,6,365.95,15,2,0,0,0,2026-01-31
101949,2,9,1115.49,15,0,0,1,0,2026-02-28
101949,3,7,225.88,14,0,1,1,1,2026-03-31
101949,4,9,605.59,9,0,0,1,0,2026-04-30
101949,5,9,915.44,9,1,0,1,0,2026-05-31
101949,6,5,261.89,10,0,1,1,0,2026-06-30
101950,1,5,655.46,19,1,1,0,0,2026-01-31
101950,2,8,431.67,14,0,0,1,0,2026-02-28
101950,3,6,892.14,15,0,0,0,0,2026-03-31
101950,4,3,317.36,5,1,1,1,1,2026-04-30
101950,5,4,168.45,7,0,0,1,0,2026-05-31
101950,6,8,1033.98,8,0,0,0,0,2026-06-30
101951,1,5,583.63,11,1,0,0,1,2026-01-31
101951,2,3,160.28,13,0,1,0,1,2026-02-28
101951,3,3,254.5,14,1,0,1,0,2026-03-31
101951,4,5,313.71,10,0,1,0,0,2026-04-30
101951,5,5,451.18,12,0,1,1,0,2026-05-31
101951,6,6,686.7,15,0,0,1,0,2026-06-30
101952,1,7,379.34,15,0,0,0,1,2026-01-31
101952,2,13,430.59,13,1,0,1,0,2026-02-28
101952,3,13,1687.91,12,0,0,0,0,2026-03-31
101952,4,8,784.22,8,0,1,1,0,2026-04-30
101952,5,15,1078.96,11,0,1,1,0,2026-05-31
101952,6,11,263.95,5,1,1,1,0,2026-06-30
101953,1,8,819.89,12,2,1,1,1,2026-01-31
101953,2,5,323.09,3,0,0,1,0,2026-02-28
101953,3,5,700.09,13,1,0,1,0,2026-03-31
101953,4,8,210.01,8,0,0,1,0,2026-04-30
101953,5,4,409.37,8,0,0,1,0,2026-05-31
101953,6,8,816.31,9,0,0,1,0,2026-06-30
101954,1,9,180.01,11,0,1,1,0,2026-01-31
101954,2,5,103.34,6,1,1,0,0,2026-02-28
101954,3,8,562.17,13,1,0,0,0,2026-03-31
101954,4,8,648.26,19,0,0,1,0,2026-04-30
101954,5,8,1196.84,8,1,1,0,1,2026-05-31
101954,6,5,187.59,17,1,1,1,0,2026-06-30
101955,1,5,386.98,5,0,1,0,0,2026-01-31
101955,2,4,281.18,10,0,0,1,0,2026-02-28
101955,3,4,563.37,9,0,0,1,0,2026-03-31
101955,4,6,620.48,11,0,1,0,0,2026-04-30
101955,5,3,371.61,11,0,1,0,0,2026-05-31
101955,6,4,588.75,8,1,0,0,0,2026-06-30
101956,1,20,1665.22,17,2,0,1,0,2026-01-31
101956,2,21,2099.73,19,1,0,1,0,2026-02-28
101956,3,33,3207.36,7,1,1,1,0,2026-03-31
101956,4,28,3617.0,10,0,0,0,0,2026-04-30
101956,5,23,1504.39,3,0,0,0,0,2026-05-31
101956,6,16,1528.02,14,0,1,1,1,2026-06-30
101957,1,6,376.32,10,0,0,0,0,2026-01-31
101957,2,4,482.02,15,1,0,0,0,2026-02-28
101957,3,7,296.35,8,1,1,1,1,2026-03-31
101957,4,6,774.15,12,0,1,0,0,2026-04-30
101957,5,9,728.98,13,0,0,0,0,2026-05-31
101957,6,5,322.87,10,1,1,1,1,2026-06-30
101958,1,9,1225.03,10,1,0,1,0,2026-01-31
101958,2,5,728.06,18,1,0,1,0,2026-02-28
101958,3,10,620.31,4,1,0,0,1,2026-03-31
101958,4,5,746.46,20,1,0,1,0,2026-04-30
101958,5,5,431.61,8,0,0,0,0,2026-05-31
101958,6,8,670.01,19,0,0,0,0,2026-06-30
101959,1,17,1169.22,14,0,1,1,0,2026-01-31
101959,2,11,1030.71,6,0,1,0,0,2026-02-28
101959,3,9,846.86,15,0,1,1,0,2026-03-31
101959,4,12,827.4,13,0,0,1,0,2026-04-30
101959,5,11,275.45,9,1,0,1,1,2026-05-31
101959,6,10,1130.97,8,0,0,0,1,2026-06-30
101960,1,8,877.53,9,0,0,1,0,2026-01-31
101960,2,14,397.84,4,0,1,1,0,2026-02-28
101960,3,11,1237.72,15,0,0,1,0,2026-03-31
101960,4,11,1450.73,7,0,1,0,1,2026-04-30
101960,5,13,868.34,7,0,1,1,1,2026-05-31
101960,6,12,1046.33,10,0,0,1,0,2026-06-30
101961,1,10,1056.68,13,0,0,1,0,2026-01-31
101961,2,10,1086.29,11,0,0,1,0,2026-02-28
101961,3,10,545.36,24,0,1,1,0,2026-03-31
101961,4,6,183.51,12,1,1,1,0,2026-04-30
101961,5,9,1282.06,13,0,0,0,0,2026-05-31
101961,6,10,1096.85,18,0,0,1,0,2026-06-30
101962,1,5,257.69,13,1,1,0,0,2026-01-31
101962,2,9,1311.02,17,1,0,0,0,2026-02-28
101962,3,9,211.63,12,1,0,1,1,2026-03-31
101962,4,7,800.77,17,0,1,0,0,2026-04-30
101962,5,7,379.62,20,1,0,1,0,2026-05-31
101962,6,9,938.9,17,1,0,1,0,2026-06-30
101963,1,24,2204.89,11,0,1,1,1,2026-01-31
101963,2,23,2949.59,10,0,0,1,0,2026-02-28
101963,3,19,1631.46,10,0,0,1,0,2026-03-31
101963,4,12,1473.18,7,0,0,1,1,2026-04-30
101963,5,12,388.2,6,1,0,1,0,2026-05-31
101963,6,13,979.09,19,0,1,1,0,2026-06-30
101964,1,11,365.7,5,1,1,0,0,2026-01-31
101964,2,6,773.21,21,0,0,0,0,2026-02-28
101964,3,7,747.52,18,2,0,1,1,2026-03-31
101964,4,8,244.96,7,0,1,1,0,2026-04-30
101964,5,7,186.9,19,0,1,1,0,2026-05-31
101964,6,5,289.59,5,0,0,1,1,2026-06-30
101965,1,7,807.66,7,0,0,1,0,2026-01-31
101965,2,17,1256.55,21,1,1,1,0,2026-02-28
101965,3,14,856.56,12,0,0,1,1,2026-03-31
101965,4,15,349.19,9,0,0,1,0,2026-04-30
101965,5,10,1305.66,8,1,1,1,1,2026-05-31
101965,6,18,1781.15,20,1,0,0,1,2026-06-30
101966,1,13,658.46,16,0,1,1,0,2026-01-31
101966,2,18,2538.67,14,0,0,1,0,2026-02-28
101966,3,14,2060.52,21,1,0,0,0,2026-03-31
101966,4,8,225.49,18,0,1,1,0,2026-04-30
101966,5,7,885.49,13,0,1,1,0,2026-05-31
101966,6,8,905.62,7,2,0,1,1,2026-06-30
101967,1,12,990.05,10,0,0,0,1,2026-01-31
101967,2,19,723.49,13,0,0,0,0,2026-02-28
101967,3,12,1480.54,5,0,1,1,0,2026-03-31
101967,4,9,349.23,13,0,1,1,0,2026-04-30
101967,5,11,383.47,17,0,0,1,1,2026-05-31
101967,6,22,1198.78,18,0,1,1,0,2026-06-30
101968,1,23,668.35,14,0,1,1,0,2026-01-31
101968,2,13,1107.17,14,0,0,0,0,2026-02-28
101968,3,10,811.45,11,0,1,1,0,2026-03-31
101968,4,18,1518.34,11,0,0,1,0,2026-04-30
101968,5,16,464.07,9,0,0,0,0,2026-05-31
101968,6,11,1408.74,23,1,0,1,0,2026-06-30
101969,1,21,1760.06,9,1,1,0,1,2026-01-31
101969,2,13,611.22,23,1,0,1,0,2026-02-28
101969,3,25,3595.36,19,0,0,1,0,2026-03-31
101969,4,24,3482.19,10,1,0,1,0,2026-04-30
101969,5,19,2066.7,9,2,0,1,0,2026-05-31
101969,6,22,2337.3,7,2,1,1,1,2026-06-30
101970,1,25,3101.3,11,1,0,1,0,2026-01-31
101970,2,27,2304.42,5,0,0,1,1,2026-02-28
101970,3,19,757.24,9,1,0,0,0,2026-03-31
101970,4,15,1091.1,4,2,0,1,0,2026-04-30
101970,5,9,1118.99,4,3,0,0,0,2026-05-31
101970,6,18,2109.24,10,2,1,1,1,2026-06-30
101971,1,8,915.61,11,0,1,1,0,2026-01-31
101971,2,9,856.0,12,1,0,1,0,2026-02-28
101971,3,8,747.84,4,1,0,1,1,2026-03-31
101971,4,7,423.98,16,0,0,1,0,2026-04-30
101971,5,6,163.38,14,0,0,0,0,2026-05-31
101971,6,5,193.2,12,0,0,0,0,2026-06-30
101972,1,17,862.81,2,0,1,1,0,2026-01-31
101972,2,16,1815.97,12,0,1,0,0,2026-02-28
101972,3,9,431.93,9,0,1,1,0,2026-03-31
101972,4,9,1073.1,14,0,1,1,0,2026-04-30
101972,5,11,1213.5,13,0,1,1,0,2026-05-31
101972,6,18,1546.14,10,0,1,1,0,2026-06-30
101973,1,17,1407.15,16,0,1,1,0,2026-01-31
101973,2,9,977.62,18,0,1,1,1,2026-02-28
101973,3,16,1809.63,13,1,0,1,0,2026-03-31
101973,4,13,1694.8,7,1,0,1,0,2026-04-30
101973,5,14,2079.81,18,0,0,0,0,2026-05-31
101973,6,18,1826.05,7,1,0,1,1,2026-06-30
101974,1,9,245.48,9,0,0,0,0,2026-01-31
101974,2,10,354.9,15,0,0,1,0,2026-02-28
101974,3,14,744.4,11,0,0,0,0,2026-03-31
101974,4,10,1407.81,13,0,1,1,0,2026-04-30
101974,5,13,1525.16,12,1,1,1,0,2026-05-31
101974,6,12,583.93,19,0,1,0,1,2026-06-30
101975,1,11,974.35,19,0,1,0,0,2026-01-31
101975,2,23,1215.12,13,1,1,1,0,2026-02-28
101975,3,24,2952.2,10,0,0,1,0,2026-03-31
101975,4,25,1577.82,13,1,0,1,0,2026-04-30
101975,5,15,1043.91,11,1,1,0,0,2026-05-31
101975,6,12,1391.75,9,1,1,1,0,2026-06-30
101976,1,7,615.45,14,0,1,1,0,2026-01-31
101976,2,5,596.42,16,0,1,0,0,2026-02-28
101976,3,10,482.95,12,0,0,1,0,2026-03-31
101976,4,6,290.47,5,0,0,0,0,2026-04-30
101976,5,6,198.59,12,0,0,0,1,2026-05-31
101976,6,7,264.34,5,0,0,1,0,2026-06-30
101977,1,6,305.83,21,0,0,1,0,2026-01-31
101977,2,5,479.89,8,0,1,1,0,2026-02-28
101977,3,5,256.69,14,0,0,0,0,2026-03-31
101977,4,9,912.34,15,0,1,0,0,2026-04-30
101977,5,4,123.84,7,0,0,1,0,2026-05-31
101977,6,9,229.96,8,0,0,1,0,2026-06-30
101978,1,11,1573.56,8,1,0,0,0,2026-01-31
101978,2,8,1079.09,15,0,1,0,0,2026-02-28
101978,3,18,670.72,13,1,0,1,0,2026-03-31
101978,4,10,451.85,13,1,1,1,0,2026-04-30
101978,5,9,201.29,15,0,0,1,0,2026-05-31
101978,6,9,966.59,13,1,1,1,0,2026-06-30
101979,1,17,2377.91,27,1,1,0,0,2026-01-31
101979,2,19,1037.99,15,1,0,1,0,2026-02-28
101979,3,10,1329.07,10,0,1,0,1,2026-03-31
101979,4,11,1303.73,11,0,0,1,0,2026-04-30
101979,5,15,2138.94,11,1,0,1,1,2026-05-31
101979,6,11,933.81,9,1,0,1,0,2026-06-30
101980,1,8,896.58,10,2,0,0,0,2026-01-31
101980,2,7,955.73,5,0,1,0,0,2026-02-28
101980,3,9,847.71,14,0,0,0,0,2026-03-31
101980,4,9,843.49,8,0,1,0,0,2026-04-30
101980,5,4,160.63,12,0,0,0,1,2026-05-31
101980,6,10,360.75,7,1,1,1,1,2026-06-30
101981,1,12,478.23,11,0,0,1,0,2026-01-31
101981,2,6,515.96,11,0,1,0,0,2026-02-28
101981,3,11,742.29,13,0,0,1,0,2026-03-31
101981,4,10,390.88,6,0,0,1,0,2026-04-30
101981,5,8,217.13,10,0,1,1,0,2026-05-31
101981,6,14,1243.32,13,0,1,1,0,2026-06-30
101982,1,16,381.55,9,1,0,1,0,2026-01-31
101982,2,15,1277.79,16,0,1,1,0,2026-02-28
101982,3,21,2318.04,10,0,1,0,0,2026-03-31
101982,4,15,917.83,6,1,0,1,0,2026-04-30
101982,5,15,887.32,12,0,0,1,0,2026-05-31
101982,6,16,1401.53,11,2,1,0,1,2026-06-30
101983,1,11,695.29,16,1,0,0,0,2026-01-31
101983,2,6,473.55,5,0,0,1,1,2026-02-28
101983,3,6,839.42,12,0,0,1,0,2026-03-31
101983,4,11,489.4,15,0,0,1,0,2026-04-30
101983,5,6,321.41,12,1,0,1,0,2026-05-31
101983,6,5,173.95,15,1,0,1,0,2026-06-30
101984,1,10,376.47,16,1,1,1,1,2026-01-31
101984,2,9,1011.12,5,0,0,1,0,2026-02-28
101984,3,11,1270.84,9,2,0,1,1,2026-03-31
101984,4,5,337.67,11,0,0,1,1,2026-04-30
101984,5,9,1299.16,14,0,1,1,0,2026-05-31
101984,6,10,849.53,13,0,0,1,1,2026-06-30
101985,1,8,724.76,10,1,1,0,1,2026-01-31
101985,2,5,614.99,21,0,1,1,0,2026-02-28
101985,3,10,1230.5,11,0,0,1,1,2026-03-31
101985,4,8,878.16,16,1,0,1,1,2026-04-30
101985,5,8,1153.12,12,0,1,0,0,2026-05-31
101985,6,8,358.81,7,0,0,1,0,2026-06-30
101986,1,6,335.99,20,1,0,0,0,2026-01-31
101986,2,8,431.0,16,0,0,0,0,2026-02-28
101986,3,5,131.45,13,2,1,0,1,2026-03-31
101986,4,11,650.01,15,0,0,0,0,2026-04-30
101986,5,10,611.93,11,0,0,1,0,2026-05-31
101986,6,11,1133.38,15,0,0,1,0,2026-06-30
101987,1,4,584.49,17,1,0,1,0,2026-01-31
101987,2,6,418.8,11,0,1,1,0,2026-02-28
101987,3,3,218.91,11,1,1,1,0,2026-03-31
101987,4,4,146.94,23,0,0,0,1,2026-04-30
101987,5,5,105.15,9,1,1,1,0,2026-05-31
101987,6,6,707.97,13,0,1,1,1,2026-06-30
101988,1,6,342.64,7,1,1,0,0,2026-01-31
101988,2,5,242.98,14,0,0,1,0,2026-02-28
101988,3,7,550.87,8,0,1,0,0,2026-03-31
101988,4,4,205.55,5,0,0,0,0,2026-04-30
101988,5,7,907.94,6,1,0,1,0,2026-05-31
101988,6,5,675.28,11,0,1,1,0,2026-06-30
101989,1,3,133.03,11,1,1,1,1,2026-01-31
101989,2,3,238.09,2,0,0,1,0,2026-02-28
101989,3,2,231.91,7,0,1,0,0,2026-03-31
101989,4,2,197.88,6,1,0,0,0,2026-04-30
101989,5,3,155.51,8,1,1,0,0,2026-05-31
101989,6,3,61.09,12,0,0,0,0,2026-06-30
101990,1,16,1662.4,19,0,1,1,0,2026-01-31
101990,2,14,737.19,23,0,0,1,0,2026-02-28
101990,3,19,649.94,6,0,0,1,0,2026-03-31
101990,4,13,1505.56,3,1,0,1,0,2026-04-30
101990,5,22,1589.37,13,0,0,0,0,2026-05-31
101990,6,11,342.9,17,1,0,0,0,2026-06-30
101991,1,14,1287.35,12,1,1,0,0,2026-01-31
101991,2,11,312.11,10,0,0,1,0,2026-02-28
101991,3,12,1511.06,8,0,1,1,0,2026-03-31
101991,4,14,1397.04,15,0,0,1,1,2026-04-30
101991,5,10,591.28,10,1,1,1,0,2026-05-31
101991,6,7,509.35,17,0,0,0,0,2026-06-30
101992,1,24,784.73,17,1,1,1,0,2026-01-31
101992,2,12,581.93,10,0,0,0,0,2026-02-28
101992,3,13,1802.52,15,0,1,1,1,2026-03-31
101992,4,19,1007.07,10,0,0,1,0,2026-04-30
101992,5,13,295.19,13,1,1,1,0,2026-05-31
101992,6,25,1230.63,9,0,0,1,0,2026-06-30
101993,1,13,1659.98,13,0,0,1,0,2026-01-31
101993,2,14,351.82,9,2,1,0,0,2026-02-28
101993,3,10,569.73,19,0,0,1,0,2026-03-31
101993,4,17,1986.64,13,0,0,1,0,2026-04-30
101993,5,11,292.72,13,0,0,1,1,2026-05-31
101993,6,21,2590.07,15,2,1,1,1,2026-06-30
101994,1,18,1913.52,21,0,0,1,0,2026-01-31
101994,2,27,682.68,16,2,0,0,0,2026-02-28
101994,3,16,2326.24,14,0,1,1,0,2026-03-31
101994,4,30,1561.28,12,0,0,0,0,2026-04-30
101994,5,17,2077.74,9,0,0,1,0,2026-05-31
101994,6,13,1526.44,13,1,1,1,0,2026-06-30
101995,1,3,290.72,21,1,1,0,1,2026-01-31
101995,2,4,141.55,13,0,1,0,0,2026-02-28
101995,3,5,590.36,10,0,1,1,0,2026-03-31
101995,4,2,114.14,15,1,0,1,0,2026-04-30
101995,5,3,350.32,6,0,0,1,0,2026-05-31
101995,6,3,145.67,17,0,0,1,0,2026-06-30
101996,1,12,533.28,11,1,0,0,1,2026-01-31
101996,2,12,1555.79,13,1,1,1,0,2026-02-28
101996,3,17,2195.19,18,0,0,0,0,2026-03-31
101996,4,11,376.36,13,1,1,1,0,2026-04-30
101996,5,10,887.15,5,0,0,1,0,2026-05-31
101996,6,14,1112.77,6,1,1,1,0,2026-06-30
101997,1,17,2485.16,4,1,0,1,0,2026-01-31
101997,2,12,1076.08,11,1,0,1,1,2026-02-28
101997,3,19,934.5,6,0,0,1,1,2026-03-31
101997,4,14,1215.96,15,1,0,1,0,2026-04-30
101997,5,20,2350.2,18,0,0,1,0,2026-05-31
101997,6,13,593.06,5,1,1,0,0,2026-06-30
101998,1,14,559.63,19,0,1,1,0,2026-01-31
101998,2,21,675.01,20,0,0,1,0,2026-02-28
101998,3,17,2215.63,14,0,0,1,0,2026-03-31
101998,4,19,1277.38,7,0,1,0,0,2026-04-30
101998,5,12,1638.37,12,0,0,1,0,2026-05-31
101998,6,14,1818.69,13,1,0,1,1,2026-06-30
101999,1,14,1016.96,23,1,0,0,0,2026-01-31
101999,2,17,1113.02,19,1,1,1,0,2026-02-28
101999,3,17,2096.54,9,0,0,0,0,2026-03-31
101999,4,11,1595.24,14,0,0,1,1,2026-04-30
101999,5,12,425.58,22,0,1,1,0,2026-05-31
101999,6,19,1489.97,11,0,0,1,0,2026-06-30
